	R0_est	population	gdp_per_capita	hosp_beds	median_age	hist_deaths_180	hist_Re_180	hist_str_180	hist_dpm_180	next_deaths_180	next_Re_180	next_str_180	next_dpm_180	mob_avg	mob_rr	mob_wk	total_deaths	people_vaccinated_per_hundred	people_fully_vaccinated_per_hundred	cumulative_excess_mortality	excess_mortality_fraction	em_100	em_50	em_25
AFG	1.51	41128772.0	1803.9870000000033	0.5	18.600000000000083	5.621400000000003	1.0196111111111108	14.673444444444414	0.13667804134779427	26.261066666666657	1.0378888888888884	36.96500000000013	0.6385084063941092	16.205938888888888	35.251572222222215	-2.839694444444446	2484.0			23796.509806841994	9.579915381176326	False	False	False
AGO	0.74	35588996.0	5819.495000000041		16.800000000000093	1.9752569832402245	0.9969444444444442	62.57422222222218	0.05550190242063093	5.1928555555555524	1.079222222222222	53.88905555555532	0.14591183059942328	-13.463094444444442	-9.251583333333336	-17.674605555555555	537.0			7623.005505378892	14.195540978359203	False	False	False
ALB	1.15	2842318.0	11803.43099999996	2.8899999999999886	38.0	10.14924444444445	1.0445000000000004	59.49811111111106	3.570763174438768	2.2833500000000013	1.0463888888888886	44.851222222222304	0.803340794379799				2235.0			10410.977109030555	4.658155306053939	False	False	False
ARE	1.49	9441138.0	67293.48299999943	1.1999999999999929	34.0	5.916638888888889	1.0333888888888896	53.37527777777776	0.6266870465074114	3.3563277777777767	0.9379999999999991	52.664833333333334	0.35550034093112254	-17.980958333333334	-16.954749999999997	-19.007166666666663	1497.0			3652.5038571198997	2.4398823360854376	False	False	False
ARG	2.38	45510324.0	18933.90699999991	5.0	31.8999999999998	211.5881055555554	0.9996666666666668	78.74594444444448	4.6492331180844895	329.50715555555547	0.9411666666666668	75.86372222222221	7.240272680887868	-27.509119444444444	-39.67935555555555	-15.33888333333333	55858.0	7.84	1.56	55610.890706478014	0.9955761163392534	True	True	True
ARM	1.38	2780472.0	8787.580000000042	4.200000000000026	35.70000000000014	13.928561111111105	1.0501111111111112		5.009423260191473	9.730166666666669	1.002777777777778		3.4994657981330755				3515.0	0.02		6037.456990694958	1.7176264553897462	True	False	False
AUS	2.18	26177410.0	44648.71000000038	3.8399999999999914	37.89999999999978	0.140488888888889	0.9949444444444442	61.77411111111097	0.005366798659183204	1.7423988764044944	1.2140555555555557	61.22022222222238	0.06656116385862827	-12.776977777777777	-10.948422222222227	-14.605533333333332	909.0	2.57	0.28	-2650.974157299761	-2.916363209350672	True	True	True
AUT	2.8	8939617.0	45436.68600000027	7.369999999999938	44.39999999999976	57.303133333333335	1.0615555555555554	73.48977777777773	6.410021070626777	11.84443888888889	0.9881666666666662	59.62338888888888	1.3249380693701855	-39.663483333333325	-48.142855555555556	-31.184111111111108	11404.0			8566.199250938156	0.7511574229163588	True	True	True
AZE	1.72	10358078.0	15847.419000000036	4.700000000000028	32.3999999999998	16.120661111111115	1.1112777777777774	72.40638888888898	1.556337103380677	16.23731666666667	1.026888888888889	65.37722222222224	1.567599381532623				3567.0			13526.632763586722	3.792159451524172	False	False	False
BEL	2.43	11655923.0	42658.57599999983	5.64000000000004	41.79999999999977	71.68256111111111	1.0386666666666666	60.49416666666638	6.149882863082667	14.676166666666662	1.0272777777777788	52.26877777777781	1.2591166453885	-33.36985277777778	-39.54208333333334	-27.197622222222222	23016.0	12.33	4.89	17005.538951307844	0.7388572710856728	True	True	True
BFA	1.09	22673764.0	1703.1020000000053	0.40000000000000246	17.60000000000007	0.48812777777777794	1.0493888888888887	19.54727777777776	0.021528308126422147	0.1818111111111114	0.9248888888888886	21.867611111111017	0.008018567676328968	6.299605555555555	12.692838888888884	-0.09362777777777735	146.0			2276.3519265463133	15.591451551687078	False	False	False
BGD	2.72	171186368.0	3523.9840000000163	0.8000000000000049	27.5	20.522961111111105	1.0423333333333336	80.45150000000021	0.11988665540886473	102.50160555555556	0.9712222222222219	70.62133333333325	0.5987720094368469	2.9523861111111103	-0.06503888888889266	5.96981111111111	9046.0	3.14		175627.0033664926	19.414879876906102	False	False	False
BGR	1.28	6781955.0	18563.307000000026	7.454000000000003	44.70000000000026	66.63337777777778	1.133333333333334	50.734555555555524	9.82509877723721	42.20077777777777	0.9964444444444445	45.45344444444434	6.222509258433265	-29.52262222222222	-32.87144444444444	-26.173799999999996	13197.0	5.57	1.4	25210.9794007474	1.9103568538870501	True	False	False
BHR	1.39	1472237.0	43290.70500000006	2.0	32.3999999999998	1.4817611111111113	1.020666666666667	55.151055555555686	1.0064691426116252	4.858772222222221	0.9118888888888896	49.0390555555556	3.300264986019385	-19.713102777777777	-20.991266666666668	-18.434938888888887	521.0	34.7	17.35	1653.6848681551578	3.1740592478985756	False	False	False
BIH	1.4	3233530.0	11713.895000000015	3.5	42.5	30.548284916201112	1.1145555555555564	43.80483333333342	9.4473485374192	22.786122905027934	0.9991666666666664	38.32055555555537	7.046825885341387	-15.574619444444446	-17.22142222222222	-13.927816666666667	6599.0			9666.156944855944	1.4647911721254652	True	True	False
BLR	2.39	9534956.0	17167.9670000001	11.0	40.29999999999979	7.7293944444444405	1.0577222222222222	39.258555555555624	0.8106376625591603	10.260288888888887	1.0238333333333327	37.89438888888889	1.0760709214482884	-20.971430555555557	-23.64602222222222	-18.296838888888896	2247.0			33000.211344738265	14.686342387511466	False	False	False
BLZ	1.41	405285.0	7824.361999999977	1.3000000000000058	25.0	1.6344916201117272	0.8677777777777774	71.07538888888885	4.032943780578425	0.46276111111111107	1.1855555555555557	56.79172222222223	1.1418165269159015	-24.280530555555554	-17.41903333333333	-31.142027777777777	317.0	5.44		139.80438889575757	0.44102330881942453	True	True	True
BOL	1.27	12224114.0	6885.828999999961	1.1000000000000043	25.399999999999842	23.653999999999996	1.040944444444444	49.177111111111195	1.935027765611479	36.11904444444444	0.9986666666666651	37.52949999999997	2.954737205857573	-23.29009444444445	-29.613527777777787	-16.966661111111105	12257.0	1.59	0.89	31438.715432236502	2.5649600581085505	False	False	False
BRA	2.33	215313504.0	14103.451999999988	2.2000000000000086	33.5	941.9777777777773	1.0450000000000002	65.4066666666666	4.374912675137075	1560.1984333333323	0.9667222222222209	59.09816666666653	7.246170836239479	-15.65474722222222	-24.688099999999995	-6.621394444444446	322138.0	8.24	2.37	365557.9718249732	1.134786867196584	True	True	True
BWA	1.13	2630300.0	15807.373999999927	1.8000000000000078	25.800000000000118	2.8699500000000024	1.1323333333333334	56.7390000000001	1.0911112800821208	10.148472222222226	1.2191666666666672	64.06533333333331	3.858294575608192	-0.5960305555555568	9.846838888888893	-11.038900000000003	568.0			1442.1067054233386	2.5389202560270046	False	False	False
CAN	2.26	38454328.0	44017.59100000001	2.5	41.399999999999764	75.21509444444445	1.048388888888889	71.95022222222197	1.9559591431280359	26.374296089385467	1.0105555555555559	69.99261111111102	0.6858602779220447	-29.953191666666665	-29.106366666666666	-30.80001666666667	22960.0	13.18	1.85	15919.613730916932	0.6933629673744308	True	True	True
CHE	2.69	8740471.0	57410.16599999989	4.529999999999977	43.100000000000236	47.04945251396647	1.136	55.32755555555547	5.38294246545369	4.333908571428568	1.092	45.65305555555553	0.4958438248268964	-29.07381388888889	-34.914244444444435	-23.23338333333334	10297.0	11.12	6.63	9664.691011236422	0.9385928922245724	True	True	True
CHL	2.97	19603736.0	22767.0369999998	2.110000000000011	35.399999999999785	56.14684444444444	1.0552222222222218	80.27916666666671	2.8640889902029105	81.01032777777777	0.9124444444444448	73.19305555555556	4.13239230408825	-31.425011111111115	-39.89046666666667	-22.959555555555557	23135.0	34.77	18.8	22822.211475406966	0.986479856295957	True	True	True
CHN	3.04	1425887360.0	15308.712	4.339999999999983	38.70000000000019	0.6063777777777778	1.007888888888889	69.58022222222209	0.0004252634498266243	0.2016833333333334	1.0291666666666666	72.23599999999986	0.00014144408527005486				4818.0			-62474.52749044793	-12.966900682948927	True	True	True
CIV	1.46	28160548.0	3601.006000000027		18.69999999999989	0.6445000000000001	1.1190555555555555	23.992166666666648	0.022886628484644546	1.968244444444444	1.015222222222222	21.34288888888886	0.06989368404494273	-5.737291666666666	-1.9595111111111116	-9.515072222222225	244.0	0.14		2774.717337180777	11.371792365494988	False	False	False
COD	1.19	99010216.0	808.1330000000005		17.0	2.5785777777777783	1.0900000000000005	31.645555555555553	0.026043552695388307	1.894455555555554	1.0500555555555542	39.793722222222236	0.019133940234566844				743.0			46813.12665433826	63.0055540435239	False	False	False
COL	2.26	51874028.0	13254.949000000019	1.709999999999996	32.200000000000074	206.20717777777776	1.005777777777778	72.06988888888898	3.975152609660036	350.6571111111113	0.9461666666666657	58.79688888888873	6.7597818143428405	-25.323811111111112	-32.59285	-18.054772222222223	63422.0	3.77	0.55	78992.78202249137	1.2455107379535708	True	True	True
CPV	0.88	593162.0	6222.554000000003	2.100000000000013	25.699999999999914	0.5921000000000002	1.0208333333333333	64.15938888888907	0.9982095953550635	0.932577777777778	1.0011666666666656	56.4670555555557	1.5722142985858467	-35.960697222222215	-34.36270555555556	-37.55868888888889	168.0			201.03024557463038	1.1966086046108952	True	True	True
CRI	1.13	5180836.0	15524.995000000086	1.1299999999999966	33.60000000000021	11.427011111111113	1.039277777777777	59.56466666666677	2.205630734327648	18.009527777777784	1.1217777777777773	57.15922222222218	3.4761817933973944	-26.490080555555554	-29.765077777777776	-23.215083333333332	2957.0			1541.3498556352804	0.5212546011617452	True	True	True
CUB	1.38	11212198.0		5.2000000000000295	43.100000000000236	1.6350000000000005	1.1202777777777784	69.03194444444416	0.14582332563160233	37.14763333333333	1.085055555555555	75.03633333333345	3.3131446067339634				424.0			4905.586886973651	11.569780393805782	False	False	False
CYP	1.18	896007.0	32415.131999999958	3.3999999999999946	37.299999999999834	1.276988888888889	1.1559444444444449	72.02666666666647	1.4251996791195705	1.6539944444444439	0.9765555555555565	56.74855555555561	1.845961520885935				257.0			248.9602996258868	0.9687171191668746	True	True	True
CZE	2.26	10493990.0	32605.90600000003	6.630000000000056	43.299999999999756	140.4262	1.0590555555555559	71.61472222222217	13.381583172844646	26.678170588235297	0.9100555555555556	50.17449999999998	2.5422332771648626	-36.075	-46.89682777777778	-25.253172222222226	26421.0	11.61	4.97	33119.01573033813	1.2535110605328386	True	True	False
DEU	2.93	83369840.0	45229.24499999969	8.0	46.60000000000025	368.82936111111115	1.090666666666667	72.80400000000002	4.424014261165802	96.55872222222222	1.031277777777778	63.74116666666673	1.1581972836006669	-31.693638888888888	-39.66905555555555	-23.718222222222217	76342.0	11.96	5.1	46950.03595507823	0.6149961483204295	True	True	True
DNK	1.81	5882259.0	46682.515000000196	2.5	42.29999999999977	9.800788888888889	1.0336666666666665	56.95938888888873	1.6661607196978045	1.2499777777777776	0.9932222222222222	47.053888888888956	0.21249961584108717	-23.51388055555555	-20.330155555555557	-26.697605555555548	2419.0	11.5	5.75	-646.1179775271168	-0.2671012722311355	True	True	True
DOM	2.03	11228821.0	14600.860999999963	1.6000000000000099	27.600000000000176	6.691244444444443	1.0069444444444444	68.5682222222225	0.595899110373604	4.042061111111109	1.002055555555555	63.21727777777768	0.35997199626845144	-30.91274444444445	-32.927827777777786	-28.89766111111112	3325.0			2316.623310399767	0.6967288151578247	True	True	True
DZA	1.79	44903228.0	13913.839000000024	1.8999999999999881	29.100000000000186	7.517500000000007	0.9878333333333327	74.1924444444446	0.1674155809021126	14.866638888888886	1.024166666666666	58.63227777777775	0.33108174069108987				3093.0			60727.60503707867	19.633884590067463	False	False	False
ECU	1.76	18001002.0	10581.936000000082	1.5	28.10000000000018	29.823016666666668	1.044777777777778	60.82327777777767	1.6567420339527028	40.26575418994413	0.9811666666666652	64.19627777777764	2.23686182524418	-22.607161111111115	-21.810333333333343	-23.403988888888893	16847.0	2.23	0.38	51609.996629220164	3.0634532337638847	False	False	False
EGY	1.55	110990096.0	10550.205999999911	1.6000000000000099	25.300000000000097	33.14683888888889	1.0675555555555556	60.26805555555539	0.29864681699967977	29.0786	1.0025555555555559	44.44322222222211	0.26199274573111464	-12.773016666666669	-17.700033333333337	-7.845999999999998	11995.0			141833.38395301992	11.824375485870773	False	False	False
ESP	2.92	47558632.0	34272.35999999994	2.9700000000000197	45.5	241.48968888888885	1.0613888888888887	70.29483333333339	5.077725719463269	61.765888888888895	1.0346666666666666	54.897166666666585	1.2987314035628463	-30.157158333333335	-36.32064444444445	-23.993672222222223	75459.0	11.17	5.72	85310.29588015063	1.1305516357247065	True	True	True
EST	1.48	1326064.0	29481.252000000168	4.690000000000036	42.70000000000024	4.47385	1.1417777777777778	44.52005555555556	3.3737813559526537	2.615094444444443	0.9881666666666656	35.8935	1.9720725730013353	-20.251974999999998	-19.042055555555553	-21.461894444444447	902.0	15.3	5.32	1243.635205992166	1.3787529999913148	True	True	False
ETH	0.37	123379928.0	1729.9270000000126	0.2999999999999982	19.800000000000114	8.9778	1.042277777777778	50.312722222222376	0.0727654825669861	14.020622222222219	0.9948888888888889	43.5200000000002	0.113637788978303				2865.0			66974.50308622843	23.376789907933137	False	False	False
FIN	1.92	5540745.0	40585.72100000027	3.2799999999999794	42.79999999999976	3.030161111111111	1.070333333333333	47.72033333333349	0.546886945909099	1.2492444444444446	1.0013888888888882	45.00005555555552	0.22546506732297636	-21.48732222222222	-21.78811111111111	-21.186533333333333	882.0			1085.6179775298797	1.2308593849545122	True	True	True
FRA	3.03	67813000.0	38605.671000000075	5.9800000000000155	42.0	349.6813651685393	1.0675000000000006	65.2090555555558	5.1565535394178	120.79759444444444	0.9726666666666672	52.39294444444445	1.781333880589923	-32.25555833333333	-37.71826666666667	-26.792849999999998	95653.0	13.09	4.32	68153.35280900808	0.7125061713590591	True	True	True
GAB	1.34	2388997.0	16562.41299999998	6.299999999999974	23.10000000000014	0.3238944444444446	1.247277777777777	67.63799999999988	0.13557758525625802	0.367555555555556	1.1185	66.68094444444458	0.15385350235080078	-15.092455555555555	-13.486516666666667	-16.698394444444443	118.0	0.01		893.5798959386589	7.5727109825310075	False	False	False
GBR	2.39	67508936.0	39753.2440000003	2.5399999999999907	40.799999999999784	520.9753944444449	0.992055555555556	77.09983333333334	7.717132357773272	60.920633333333335	1.0929444444444436	52.303666666666665	0.9024084357266916	-42.61742222222222	-47.534127777777776	-37.70071666666666	152707.0	46.14	6.69	117637.62607487387	0.7703486158124635	True	True	True
GEO	1.0	3744385.0	9745.078999999945	2.6000000000000147	38.70000000000019	20.673061111111117	1.0276111111111115	72.24211111111102	5.521083198205076	27.70636666666667	1.0709444444444445	50.11150000000004	7.399443878411721	-30.960705555555553	-34.35634444444444	-27.565066666666663	3778.0	0.21		5699.538041650919	1.5086125044073369	True	False	False
GHA	1.48	33475870.0	4227.629999999975	0.9	21.100000000000115	2.4436666666666675	1.1254444444444445	41.517944444444474	0.07299785387703643	2.220655555555556	1.0962777777777781	43.48572222222223	0.06633600726599656	-5.895236111111111	1.0555555555555556	-12.846027777777774	743.0			4958.029881536222	6.672987727505009	False	False	False
GIN	1.4	13859349.0	1998.9259999999883	0.2999999999999982	19.0	0.299327777777778	1.0990555555555555	52.5312222222221	0.021597535192870748	1.4253888888888886	1.010444444444444	62.90161111111104	0.10284674185554375				125.0	0.43	0.02	932.1872539153118	7.457498031322494	False	False	False
GRC	1.4	10384972.0	24574.382000000158	4.2100000000000195	45.299999999999734	41.67301666666667	1.0916666666666668	78.05799999999985	4.012819357304639	37.47063888888889	1.0084444444444443	66.64205555555554	3.60815983797442	-38.959922222222225	-46.46982222222222	-31.450022222222227	8093.0	10.52	5.85	5962.27640449941	0.7367201784875089	True	True	True
GTM	1.14	17843914.0	7423.808000000007	0.5999999999999964	22.899999999999864	19.826849162011175	1.030055555555556	51.66816666666667	1.1111266935052015	35.96505555555555	1.0783888888888893	54.51783333333338	2.0155362526156284	-23.3393	-23.108744444444447	-23.56985555555556	6840.0	0.6	0.01	13586.271910113364	1.9862970628820709	True	False	False
GUY	0.51	808727.0	7435.046999999987	1.6000000000000094	26.300000000000097	0.8237888888888888	1.0411111111111115	64.59533333333357	1.0186241944301213	2.911094444444446	1.0778333333333339	61.02383333333321	3.5996009091379984				231.0	4.05		768.4761967967862	3.32673678267007	False	False	False
HND	1.32	10432858.0	4541.794999999989	0.699999999999996	24.89999999999985	12.419055555555552	1.0433333333333337	82.69461111111085	1.190379046235993	28.226966666666662	1.021777777777777	91.133277777778	2.70558332785385	-30.66626388888889	-34.22378333333332	-27.108744444444447	4605.0			12676.176252204576	2.7526984261030565	False	False	False
HRV	2.38	4030361.0	22669.79700000006	5.539999999999977	44.0	31.19046666666667	1.0943333333333325	44.57277777777796	7.738876658112429	14.859516666666666	1.014000000000001	39.486277777777815	3.6868947140632478	-27.19919444444444	-31.421405555555552	-22.976983333333337	5947.0	9.57	2.22	7624.159550560278	1.2820177485388058	True	True	False
HTI	1.46	11585003.0	1653.1730000000052	0.6999999999999961	24.300000000000125	0.13027777777777788	1.0888333333333329	38.723444444444375	0.011245381445112952	2.0007888888888887	1.0486666666666666	48.61238888888894	0.17270508163777676	-22.773405555555556	-16.80713888888889	-28.739672222222225	251.0			7594.0499698795265	30.25517916286664	False	False	False
HUN	1.71	9967304.0	26777.56099999998	7.0199999999999845	43.39999999999976	106.71748333333333	1.0954999999999995	67.09733333333318	10.706755139938878	56.56583333333332	0.9536111111111117	44.57794444444437	5.675138767046066	-25.824588888888886	-28.280161111111113	-23.369016666666667	20737.0	20.73	7.9	21930.962546815896	1.057576435685774	True	True	True
IDN	2.07	275501344.0	11188.743999999957	1.0400000000000036	29.299999999999983	165.80715	1.0123888888888888	65.25477777777789	0.6018378988379817	559.7706222222224	0.9836111111111112	71.52916666666675	2.0318253773100374	-21.72100833333333	-18.630122222222223	-24.811894444444437	40858.0	2.94	1.35	147447.56526288882	3.6087807837605568	False	False	False
IND	1.56	1417173120.0	6426.674000000058	0.5300000000000009	28.199999999999985	357.09526111111103	0.9896666666666666	63.19272222222226	0.25197716219110267	1537.60177094972	0.977833333333333	75.02872222222221	1.084978080130196	-22.856738888888888	-27.088872222222218	-18.624605555555554	162927.0	3.94	0.66	1424965.1541494608	8.746034445791434	False	False	False
IRL	2.57	5023108.0	67335.29300000017	2.960000000000013	38.70000000000019	15.985608938547486	1.0287777777777778	79.92194444444435	3.182413943428548	3.0327597765363086	1.0395555555555556	53.452555555555584	0.6037616106474932	-40.752775	-43.758711111111104	-37.74683888888889	4687.0	13.37	5.47	2464.807490639236	0.5258816920501891	True	True	True
IRN	4.82	88550568.0	19082.620000000094	1.5	32.3999999999998	202.3158722222223	1.0382777777777779	74.82211111111111	2.284749570688494	313.25792222222225	1.0294444444444448	73.77955555555556	3.537616181323899				62665.0			127983.78719103006	2.0423487942396883	False	False	False
IRQ	1.24	44496124.0	15663.985999999935	1.399999999999992	20.0	28.351561111111106	1.0153333333333334	58.023222222222216	0.6371692309898971	43.4	0.9791111111111105	74.56083333333355	0.9753658543382341	-2.7245999999999992	4.201588888888887	-9.650788888888885	14323.0			57527.129656667814	4.016416229607471	False	False	False
ISR	2.62	9449000.0	33132.32000000016	2.9900000000000078	30.60000000000019	25.704731843575424	0.9398888888888887	70.46172222222215	2.7203653131098977	8.326787356321843	1.1183333333333332	43.441722222222246	0.8812347715442738	-35.14918611111111	-39.96190000000001	-30.336472222222216	6209.0	55.75	50.92	4654.698876407208	0.7496696531498162	True	True	True
ITA	3.54	59037472.0	35220.084000000104	3.179999999999981	47.89999999999974	400.8468055555555	1.1008333333333336	77.24822222222214	6.789701387545109	125.3619	0.9416666666666667	65.50622222222223	2.1234293365406973	-31.128966666666667	-35.23332222222222	-27.024611111111106	109346.0	12.28	5.54	137769.8771535499	1.259944370654161	True	True	False
JAM	1.04	2827382.0	8193.570999999998	1.6999999999999973	31.399999999999803	2.6214333333333326	1.0606666666666664	71.65861111111104	0.9271592354104725	6.923816666666667	1.0212777777777784	72.23433333333328	2.4488437242179044	-27.940869444444445	-28.225400000000004	-27.656338888888886	596.0			1320.3847781485085	2.2154107015914573	False	False	False
JOR	1.04	11285875.0	8337.490000000049	1.399999999999992	23.199999999999875	36.13335	1.100611111111111	76.61449999999977	3.2016436474797034	22.76271666666667	0.9162222222222215	51.81033333333328	2.0169208560848557	-24.825013888888893	-22.857144444444444	-26.792883333333332	6858.0			8192.513159559534	1.1945921784134637	True	True	True
JPN	1.3	123951696.0	39002.22299999986	13.05000000000008	48.200000000000294	41.663538888888894	1.0578888888888884	42.998055555555574	0.33612721917809735	46.35872222222222	1.0390555555555556	50.25672222222223	0.37400635665543636	-12.731736111111106	-11.99283888888889	-13.47063333333333	9176.0	0.71	0.1	-18520.91880686607	-2.0184087627360583	True	True	True
KAZ	1.83	19397998.0	24055.588000000214	6.7000000000000135	30.60000000000019	21.080172222222227	1.0726666666666662	69.36888888888905	1.086718960493873	55.4788156424581	1.018055555555556	67.04800000000002	2.860027908161353	-25.84563888888889	-25.185722222222225	-26.505555555555556	5912.0			32409.22714566265	5.481939638982181	False	False	False
KEN	0.83	54027484.0	2993.0280000000207	1.399999999999992	20.0	7.866649999999998	1.0896666666666668	52.20333333333337	0.1456045963569208	16.360255555555547	0.9644444444444442	64.38683333333354	0.3028135745791077	-4.95513888888889	-1.656305555555557	-8.25397222222222	2153.0	0.3		15119.457547976855	7.022506989306482	False	False	False
KGZ	1.29	6630621.0	3393.474000000011	4.5	26.30000000000007	2.400811111111111	1.0114999999999998	48.0235555555555	0.3620793755382959	6.116683333333333	1.0021111111111105	53.47222222222224	0.9224902664974114	-26.902786111111112	-23.850822222222227	-29.954749999999997	1500.0			7852.547018120216	5.235031345413478	False	False	False
KOR	5.87	51815808.0	35938.37399999987	12.269999999999985	43.39999999999976	7.303161111111111	1.071277777777777	59.6858888888889	0.1409446536298558	3.976961111111113	1.0649444444444447	49.930333333333316	0.07675188836408983	-11.594883333333337	-13.336555555555558	-9.853211111111113	1735.0	1.71	0.08	-4101.252808964073	-2.363834472025402	True	True	True
KWT	1.23	4268886.0	65530.53700000021	2.0	33.7000000000001	3.7817166666666697	1.0317777777777795	73.55172222222225	0.8858790482263218	6.4254166666666634	0.8856666666666663	68.20338888888901	1.5051741055316687	-25.049625000000006	-25.38890555555556	-24.710344444444445	1313.0			4013.697630975463	3.0568908080544275	False	False	False
LBN	1.18	5489744.0	13367.564999999982	2.8999999999999844	31.100000000000197	31.872244444444444	1.0457222222222227	83.2102222222223	5.805779731157672	12.064255555555551	0.9627222222222213	70.0134444444444	2.1975989327654535	-34.33215833333334	-33.26986666666668	-35.39445	6234.0	2.43	1.51	8476.81436328442	1.3597713126859834	True	True	False
LBY	1.21	6812344.0	17881.50899999995	3.700000000000021	29.0	11.607172222222223	1.0206111111111105	78.87950000000002	1.7038441133069944	10.849183333333334	1.034833333333334	65.00977777777794	1.5925771413383314	15.506758333333334	33.20637222222222	-2.192855555555556	2667.0			10286.101221906236	3.856805857482653	False	False	False
LKA	0.79	21832150.0	11669.07700000004	3.6	34.10000000000021	3.046816666666666	1.0391111111111109	64.99605555555553	0.1395564187066627	66.45081666666667	1.0847222222222226	75.71849999999972	3.0437138196039633	-30.821430555555555	-31.958711111111107	-29.684150000000006	568.0	4.18		-2263.339113661701	-3.9847519606720088	True	True	True
LSO	1.26	2305826.0	2851.153000000011		22.199999999999893	1.5492111111111115	0.8785555555555555	58.209333333333234	0.671868177005165	0.48894444444444474	0.6942222222222226	53.72588888888893	0.2120474157392816				315.0			679.6391189337041	2.157584504551442	False	False	False
LTU	1.7	2750058.0	29524.264999999967	6.559999999999959	43.5	19.295222222222222	1.0864999999999996	68.5411666666666	7.01629646437356	7.418277777777773	1.0391111111111102	39.21272222222224	2.6974986628564825	-37.81312777777779	-47.873000000000005	-27.753255555555565	3576.0	12.85	6.15	8866.942322095134	2.4795700005858876	False	False	False
LUX	2.37	647601.0	94277.96499999988	4.509999999999993	39.7000000000002	3.420666666666666	1.1170000000000009	55.53127777777778	5.2820589632608135	0.526988888888889	1.0372777777777786	42.40222222222224	0.813755520588895	-33.27419166666667	-37.36906111111111	-29.179322222222215	746.0	11.3	3.48	247.5501872661367	0.33183671215299826	True	True	True
LVA	1.28	1850654.0	25063.845999999918	5.569999999999983	43.89999999999976	10.237333333333334	1.126444444444443	53.481222222222115	5.531738149504626	4.41745	1.0242222222222226	46.78033333333334	2.3869669857250466	-28.828991666666667	-29.45161111111111	-28.20637222222222	1899.0	6.37	1.34	2576.3104868907603	1.3566669230599053	True	True	False
MAR	1.99	37457976.0	7485.012999999987	1.1000000000000043	29.600000000000186	36.94761111111111	0.9441111111111116	72.53961111111118	0.9863750009106501	29.452366666666663	1.069833333333333	67.38649999999991	0.7862775785500706				8818.0	11.53	9.81	32140.02762659065	3.6448205518927934	False	False	False
MDA	1.6	3272993.0	5189.972000000013	5.799999999999969	37.60000000000022	19.544427777777774	1.0354444444444442	55.72649999999995	5.971423641229228	10.196033333333334	1.0038888888888882	56.297888888888984	3.11520169255887	-23.05991111111111	-22.683311111111113	-23.436511111111106	4960.0	1.23		8478.653176403228	1.7094058823393605	True	False	False
MDG	0.81	29611718.0	1416.4400000000019	0.20000000000000123	19.600000000000097	0.8888444444444445	0.6073333333333333	38.31483333333329	0.030016645587548976	3.155594444444447	0.7146666666666666	60.318222222222325	0.10656573335071093				418.0			9246.873315403916	22.12170649618162	False	False	False
MDV	1.78	523798.0	15183.616000000024		30.60000000000019	0.1786944444444447	1.0459444444444441		0.34115144472572384	0.9104277777777782	0.9996111111111111		1.7381276327473152				67.0	45.38		140.45226654445298	2.096302485738104	False	False	False
MEX	1.87	127504120.0	17336.468999999906	1.3799999999999963	29.299999999999983	677.6832122905026	1.0071111111111088	66.87761111111111	5.314990702186742	380.94971508379894	1.0465555555555546	49.009666666666604	2.9877443574670286	-25.869438888888887	-29.488077777777775	-22.250799999999998	203210.0	5.42	0.74	479364.15243452357	2.358959462794762	False	False	False
MKD	1.33	2093606.0	13111.214000000044	4.279999999999978	39.10000000000023	16.349250000000005	1.0908333333333335		7.809134096864456	15.976200000000004	1.0009444444444442		7.630948707636491	-22.674191666666665	-22.364294444444447	-22.98408888888888	3781.0	0.37		7851.864158530028	2.0766633585109835	False	False	False
MLI	1.25	22593598.0	2014.305999999991	0.10000000000000062	16.399999999999952	1.3849055555555554	1.1071666666666669	42.18955555555545	0.061296370571679436	0.928694444444445	0.9743888888888885	45.18577777777776	0.041104318331433756	-5.6512	0.06746666666666701	-11.369866666666667	385.0			6441.978398500778	16.732411424677345	False	False	False
MLT	0.6	533293.0	36513.323000000186	4.484999999999976	42.399999999999764	1.9712513966480443	1.0491111111111113	54.34288888888882	3.696375907143061	0.3920555555555555	0.9807222222222225	53.26150000000013	0.7351597631237528	-21.579794444444452	-21.284144444444447	-21.875444444444454	392.0	26.78	10.23	454.20599250971634	1.1586887564023376	True	True	True
MMR	0.46	54179312.0	5591.597000000017	0.9	29.100000000000186	16.352787709497218	0.8681666666666664	76.44416666666694	0.3018271570059291	78.85714444444444	1.210555555555556	70.16822222222252	1.4554844189317953	-44.498802777777776	-48.626949999999994	-40.37065555555556	3206.0	1.85	0.07	21172.45557080137	6.604009847411531	False	False	False
MNE	1.18	627082.0	16409.287999999982	3.861000000000015	39.10000000000023	6.025405555555552	1.0269444444444447		9.608640585370896	3.533305555555558	1.019944444444444		5.634519178601137				1274.0	3.05	0.52	1668.3059925093835	1.3095023489084643	True	True	False
MOZ	0.78	32969520.0	1136.1030000000023	0.6999999999999962	17.699999999999893	4.035061452513969	1.0223888888888892	56.267055555555636	0.12238763113669744	6.354794444444446	1.0073333333333327	52.83955555555533	0.19274755727242757	-18.705174999999997	-18.164288888888883	-19.246061111111107	775.0			17757.327205188518	22.912680264759377	False	False	False
MRT	1.2	4736146.0	3597.633000000001		20.300000000000114	1.5952611111111115	1.0603333333333325	40.30072222222222	0.3368268442550359	1.7786277777777775	1.0545555555555555	40.653666666666545	0.37554327459030556				449.0			2715.717993023038	6.048369694928816	False	False	False
MWI	1.75	20405318.0	1095.041999999999	1.3000000000000071	18.10000000000005	5.191316666666666	1.1169999999999995	49.80088888888888	0.2544099859980945	6.43733888888889	1.023666666666667	41.77888888888889	0.31547358825228256				1117.0	0.66		5142.016116935758	4.603416398331028	False	False	False
MYS	2.06	33938216.0	26808.163999999975	1.8999999999999881	29.89999999999981	6.2285555555555545	1.095277777777778	71.89938888888886	0.18352631015005486	131.54524444444445	1.0961666666666663	75.84377777777792	3.8760211922879053	-28.138508333333338	-32.15239444444445	-24.12462222222222	1272.0	1.44	0.65	-14841.27823212298	-11.667671566134418	True	True	True
NAM	1.54	2567024.0	9541.808000000021		22.0	2.1666444444444437	1.0423333333333336	41.49544444444444	0.8440296796774956	16.529333333333334	0.9986666666666668	53.68983333333335	6.439103542987262	-14.979741666666666	-13.872211111111106	-16.08727222222222	523.0	0.06		2193.599490013284	4.194262887214692	False	False	False
NGA	1.39	218541216.0	5338.453999999974		18.100000000000072	5.229067039106146	1.010777777777778	53.57011111111115	0.0239271435146867	3.478616666666669	1.0639444444444437	44.156444444444475	0.015917439878556677	-13.190872222222222	-11.103966666666668	-15.277777777777775	2057.0	0.33		72048.0805978713	35.02580486041386	False	False	False
NLD	2.77	17564020.0	48472.54499999993	3.320000000000015	43.200000000000244	55.97145555555556	1.0372777777777773	71.63600000000004	3.1867109896000776	9.521488888888898	0.962777777777778	53.99761111111116	0.5421019156712927	-33.06191666666667	-39.631777777777785	-26.49205555555556	16565.0			18398.169662923334	1.1106652377255257	True	True	True
NOR	2.93	5434324.0	64800.057000000015	3.6	39.7000000000002	2.1485166666666653	1.0912777777777778	58.67394444444436	0.39536042876108696	1.059932960893855	1.0070000000000001	52.53616666666661	0.195044123407779	-21.196022222222222	-18.94362222222222	-23.44842222222222	673.0	13.05	5.52	-648.9887640457258	-0.9643220862492211	True	True	True
NPL	1.44	30547586.0	2442.8040000000033	0.29999999999999827	25.0	14.080983333333334	0.9102777777777774	55.475611111110915	0.4609524082634004	44.73494444444445	1.0919999999999996	66.28372222222217	1.464434683789562	-14.957125	-18.216649999999998	-11.697600000000001	3030.0			23531.30402416483	7.766106938668261	False	False	False
OMN	1.36	4576300.0	37960.709000000155	1.6000000000000099	30.70000000000005	4.096805555555555	1.131777777777778	53.748333333333335	0.8952222440739364	13.519883333333334	0.9294999999999995	62.985888888888894	2.9543262752296253	-25.74286388888889	-25.884155555555562	-25.60157222222222	1678.0	2.9	0.42	1482.3918878314944	0.8834278234991028	True	True	True
PAK	2.33	235824864.0	5034.7080000000315	0.5999999999999964	23.5	43.39205	1.0757222222222222	57.11838888888882	0.18400116622138707	73.47065555555557	0.9861666666666674	66.10477777777778	0.31154753705510696	-0.08531666666666633	3.5769777777777785	-3.747611111111112	14530.0	0.34		210642.20347343225	14.497054609320871	False	False	False
PAN	1.89	4408582.0	22267.036999999807	2.29999999999999	29.70000000000002	20.74287222222222	0.9860555555555558	69.74616666666665	4.705112034260046	6.110294444444443	0.9933888888888891	67.67211111111118	1.3859999529201097	-41.47696944444444	-45.82143333333333	-37.13250555555555	6114.0			6074.092821241767	0.9934728199610348	True	True	True
PER	1.98	34049588.0	12236.705999999891	1.6000000000000099	29.100000000000186	328.94443333333334	1.10238888888889	71.46100000000008	9.660746360083222	328.85793258426963	0.9585555555555552	63.527277777777755	9.65820592555392	-36.03650833333333	-41.79998888888889	-30.27302777777778	143416.0	1.96	1.14	138570.16012824432	0.9662113022831784	True	True	True
PHL	1.45	115559008.0	7599.188000000043	1.0	25.199999999999896	42.942838888888886	1.0483333333333331	70.4051111111111	0.37160961860185654	134.26109444444444	1.0345	74.21649999999998	1.1618401435606338	-33.96786111111111	-37.90792222222222	-30.027800000000006	13297.0			13779.48797165314	1.0362854757955282	True	True	True
POL	2.45	39857144.0	27216.445000000127	6.619999999999944	41.79999999999977	274.41190555555573	1.1245000000000003	68.66661111111105	6.8848863218989225	131.47462777777778	0.8746666666666664	50.718111111111135	3.298646480484848	-25.19404722222222	-29.437311111111114	-20.95078333333333	53045.0	10.62	5.12	94971.3355805442	1.7903918480637986	True	False	False
PRT	2.69	10270857.0	27936.895999999877	3.389999999999999	46.20000000000028	82.60716111111111	0.9972777777777773	71.3467222222222	8.04286936436863	6.167433333333335	1.0279444444444437	61.671222222222305	0.6004789408842256	-34.15674444444444	-39.2016	-29.111888888888885	16848.0			20719.08651685408	1.2297653440677874	True	True	True
PRY	1.03	6780745.0	8827.00999999994	1.3000000000000074	26.5	17.90000555555556	1.0427222222222234	57.45344444444441	2.6398287438261665	67.18730555555555	0.8664444444444448	51.47905555555556	9.90854331722481	-18.986519444444443	-24.66983888888889	-13.303200000000002	4206.0	0.66	0.03	5561.29419238141	1.3222287666146957	True	True	False
PSE	0.98	5250076.0	4449.898000000026		20.399999999999892	12.623027777777777	1.0602222222222224	71.48561111111117	2.404351437536862	7.896833333333333	1.0345555555555557	84.71427777777807	1.504136955985653				2627.0	1.49	0.17	2337.5667912886506	0.8898236738822424	True	True	True
QAT	0.88	2695131.0	116935.60000000073	1.1999999999999929	31.8999999999998	0.39530555555555585	1.042833333333333	66.84972222222213	0.146673967074534	1.7722611111111093	0.9369444444444449	66.46133333333329	0.657578837953001	-5.705544444444447	-6.354783333333334	-5.056305555555555	291.0			452.5089370562638	1.5550135294029683	True	False	False
ROU	1.52	19659270.0	23313.19900000002	6.892000000000014	43.0	101.82459444444444	1.0526111111111105	68.77494444444446	5.179469758767464	72.07932777777776	1.019388888888889	49.353500000000025	3.6664295153267523	-26.43016388888889	-28.180138888888884	-24.68018888888889	23538.0	10.21	5.46	51025.62883895046	2.1677979793929163	False	False	False
RUS	2.04	144713312.0	24765.953999999925	8.050000000000018	39.60000000000023	420.03409444444424	1.006499999999998	45.99922222222219	2.902525611772635	569.5801611111111	1.0327777777777776	42.57655555555566	3.935920982245995				97219.0	4.84	3.02	486079.6156983875	4.999841756224478	False	False	False
RWA	0.45	13776702.0	1854.2110000000077		20.300000000000118	1.5198444444444448	1.1112777777777776	69.45999999999988	0.11031990417187254	5.207927777777778	1.0549999999999997	58.58155555555559	0.37802427444375136	-15.91666111111111	-8.806361111111112	-23.026961111111106	307.0			7701.232654536143	25.085448386111214	False	False	False
SAU	2.02	36408824.0	49045.41100000021	2.7000000000000153	31.8999999999998	10.614244444444443	1.0022777777777785	55.25066666666663	0.29152945023559246	11.315855555555558	0.8985000000000007	55.004833333333245	0.3107998092867696	-16.257922222222223	-15.018216666666664	-17.497627777777776	6669.0			25304.473093303866	3.794342943965192	False	False	False
SDN	1.42	46874200.0	4466.506999999988	0.8000000000000049	19.699999999999886	6.660316666666667	1.0328888888888876	28.42755555555556	0.14208918054423683	4.75555555555555	0.7099999999999999	33.042888888888946	0.10145358332634051				2063.0			45830.533227712156	22.215479024581754	False	False	False
SEN	1.01	17316452.0	2470.579999999988		18.69999999999989	4.053227777777778	1.0583888888888902	40.76972222222226	0.2340680283569508	4.519855555555556	0.9616111111111116	24.63983333333335	0.26101510607112566	-18.694838888888885	-19.95793888888889	-17.431738888888884	1051.0	1.51		2649.9193128425627	2.52133141088731	False	False	False
SGP	0.7	5637022.0	85535.38300000044	2.3999999999999857	42.399999999999764	0.016683333333333328	1.0163888888888886	50.93000000000013	0.002959600536122323	0.238161111111111	1.1954999999999996	50.99438888888895	0.04224945567200394	-14.999963888888884	-15.226972222222225	-14.772955555555548	30.0	17.28	7.17	-420.19014642472956	-14.006338214157653	True	True	True
SLV	1.21	6336393.0	7292.458000000053	1.3000000000000074	27.600000000000176	6.454783333333334	1.0001111111111103	47.92227777777786	1.01868418409864	6.457183333333333	0.906	29.470444444444365	1.0190629484839928	-19.645650000000007	-17.596066666666673	-21.695233333333334	2006.0	1.58		10532.606038068629	5.250551364939496	False	False	False
SOM	1.29	17597508.0		0.9	16.800000000000104	2.2167277777777787	0.7463333333333334	36.33766666666669	0.1259682778821739	3.3230111111111107	1.0767222222222228	35.39399999999987	0.18883418669911164				529.0			10024.2912378091	18.949510846520038	False	False	False
SSD	0.98	10913172.0	1569.887999999991		19.19999999999989	0.32785000000000025	0.9208333333333332	54.58983333333333	0.03004167807489887	0.0992388888888889	0.7330555555555561	40.65844444444446	0.009093496271193097				109.0			6988.06458779727	64.11068429171807	False	False	False
SVK	1.31	5643455.0	30155.151999999976	5.819999999999981	41.20000000000022	52.512688888888896	1.0952222222222219	67.58744444444417	9.305060266962153	17.18258333333334	0.9737777777777781	49.83827777777769	3.04469218472254	-37.09961388888889	-45.47860000000001	-28.72062777777777	9719.0			15922.50299625539	1.6382861401641517	True	False	False
SVN	1.42	2119843.0	31400.83999999989	4.5	44.5	21.50718333333334	1.0905555555555553	73.73938888888897	10.145649151061347	2.805599999999998	1.0226111111111107	48.68372222222223	1.3234942399036145	-39.627775	-50.69920555555556	-28.556344444444445	4047.0	12.18	5.52	3804.872659177142	0.9401711537378655	True	True	True
SWE	2.29	10549349.0	46949.28299999986	2.2200000000000175	41.0	42.32105617977528	1.2958333333333332	65.30744444444433	4.011722067378307	7.894825842696628	1.028055555555556	49.1547777777778	0.7483709035217839	-23.223025000000003	-21.819055555555554	-24.626994444444442	13465.0			9722.038951310755	0.7220229447687155	True	True	True
SWZ	0.73	1201680.0	7738.975000000049	2.100000000000013	21.5	3.097655555555557	0.9693888888888893	60.679722222222246	2.5777707505788205	3.012766666666667	0.9164444444444445	58.94966666666675	2.5071289084171053				667.0			1909.3236719775116	2.862554230850842	False	False	False
SYR	0.37	22125242.0		1.5	21.699999999999882	5.776249999999998	1.0452222222222225	36.25044444444439	0.261070590775911	5.2611	1.0361111111111108	39.655777777777786	0.2377872296266861				1265.0			5000.594768766444	3.9530393428983746	False	False	False
TGO	0.86	8848700.0	1429.8130000000087	0.699999999999996	19.399999999999906	0.33502777777777804	1.1092777777777778	56.64933333333328	0.03786180769805486	0.6262611111111113	1.0341111111111114	52.601555555555485	0.07077436359138758	-4.1503944444444425	-4.276177777777779	-4.02461111111111	109.0			1645.9302638871316	15.100277650340656	False	False	False
THA	1.95	71697024.0	16277.671000000068	2.100000000000013	40.100000000000236	0.1921111111111113	1.0889444444444438	51.094999999999914	0.0026794851500546424	88.40476111111111	1.1908333333333319	59.248055555555624	1.2330325051024587	-8.596438888888894	-6.7015888888888915	-10.491288888888896	94.0			5210.552705371626	55.43141175927261	False	False	False
TJK	2.76	9952789.0	2896.912999999974	4.799999999999971	23.300000000000125	0.08738888888888895	0.5142222222222224	38.65549999999989	0.008780341760373796	0.1889055555555556	0.551111111111111	32.40977777777774	0.018980162802160843	-10.384505555555554	-10.851566666666665	-9.917444444444444	91.0			11658.957127926373	128.12040799919092	False	False	False
TUN	1.28	12356116.0	10849.29699999992	2.29999999999999	32.70000000000009	47.20715	1.0522777777777776	66.70933333333339	3.8205492729268644	88.62702222222222	1.0130555555555556	70.31094444444432	7.172725006970008				8812.0			6476.032096059399	0.734910587387585	True	True	True
TUR	4.25	85341248.0	25129.341000000008	2.8099999999999765	31.600000000000197	127.49365555555556	1.0740555555555562	68.30694444444424	1.4939277142461704	175.8532111111111	1.0022222222222232	61.36411111111109	2.0605886981065837	-30.99761388888889	-39.059533333333334	-22.93569444444444	31537.0	10.54	8.02	77989.73732161798	2.472959930291974	False	False	False
UGA	0.89	47249588.0	1697.7069999999992	0.5	16.39999999999996	1.4452888888888873	0.9450555555555554	55.63433333333342	0.030588391350394147	15.580988888888891	0.9722777777777769	63.56583333333332	0.329759253961937	-20.59802222222222	-26.819850000000002	-14.37619444444444	335.0			13860.19890029033	41.37372806056815	False	False	False
UKR	1.86	39701744.0	7894.393000000009	8.800000000000034	41.399999999999764	163.37782222222222	1.0458333333333334	58.92327777777792	4.115129607964381	141.4349222222222	0.9866666666666658	57.30566666666672	3.562436003371092				34456.0	0.63	0.0	66457.32958400258	1.9287592751335785	True	False	False
URY	1.08	3422796.0	20551.40899999999	2.799999999999984	35.600000000000215	4.816688888888889	1.1859999999999993	59.37211111111131	1.4072380851470228	28.534133333333333	0.9071111111111121	63.01594444444435	8.336498387088605	-20.546416666666666	-30.041288888888893	-11.05154444444444	974.0	18.59	1.51	-1312.649859136994	-1.347689793775148	True	True	True
USA	3.59	338289856.0	54225.446000000215	2.7699999999999885	38.29999999999981	1891.9349111111117	1.018111111111111	68.76527777777778	5.5926445252650785	765.5595277777777	1.046611111111111	53.8571111111111	2.2630283296989484	-23.949574999999996	-19.31269444444445	-28.586455555555546	548342.0	32.76	19.52	631530.0172317013	1.1517082719027565	True	True	True
UZB	1.57	34627648.0	6253.104000000037	4.0	28.199999999999985	0.8992611111111114	0.9711666666666667	38.8675	0.025969453978252042	3.255550000000001	1.0568333333333337	51.728222222222264	0.09401591468181729				629.0	0.0		20306.647576285475	32.28401840426944	False	False	False
VEN	0.88	28301700.0	16745.021999999946	0.8000000000000049	29.0	5.2508111111111075	1.011666666666667	87.57700000000015	0.18552988375649193	15.55951111111111	1.0331666666666666	86.15655555555557	0.5497730210945319	-22.18293888888889	-26.54603888888889	-17.819838888888892	1602.0			21745.352070818688	13.573877697140254	False	False	False
XKX	1.19	1782115.0	9795.83399999994			6.712688888888887	1.178277777777778	66.31883333333349	3.7666979341338167	6.07065	0.9156666666666665	45.86944444444448	3.406430000308622											
ZAF	2.08	59893884.0	12294.876000000068	2.320000000000013	27.300000000000036	200.20318888888897	0.995611111111111	51.18833333333325	3.3426315930502852	189.6626888888888	1.048166666666666	52.46838888888909	3.1666453437698046	-19.26786388888889	-16.350800000000003	-22.184927777777773	52846.0	0.44	0.44	121235.0421199458	2.294119557202926	False	False	False
ZMB	1.2	20017670.0	3689.251000000006	2.0	17.699999999999893	4.8151111111111105	1.0720000000000007	43.652999999999906	0.24054303578344086	13.576194444444448	0.9781666666666652	44.04266666666678	0.6782105232249532	-4.646030555555555	4.157161111111111	-13.449222222222225	1208.0			7949.162387064591	6.580432439623006	False	False	False
ZWE	0.99	16320539.0	1899.7750000000108	1.699999999999993	19.600000000000076	7.177816666666667	1.0404999999999995	72.01133333333328	0.4398026723668052	17.092811111111107	1.129944444444443	60.62266666666681	1.0473190322397508	-7.597241666666665	-5.840494444444442	-9.353988888888889	1523.0	0.48	0.09	13546.315740192402	8.894494904919503	False	False	False
