	0.05	0.5	0.95	Mean	StDev	Mean IQR	Median IQR
beta	0.12486610000000001	0.158505	0.22118320000000002	0.1659998086956522	0.03402837715606435	0.009260677065217389	0.007584520000000011
alpha 0	0.001	1.90783	10.0	3.8691035826086946	4.007939130056765	2.22788682611087	0.9696645749999996
alpha f	0.001	0.187549	9.967680999999999	1.4632743403478266	2.7942764816713246	1.009158648195652	0.06380352549999999
t0	54.45528	211.04	307.2214	196.5065913043478	84.35586077860609	97.42985088565213	13.491644999999973
theta	5.0	5.06569	69.9186	16.14525895652174	21.986986320859717	18.819335296739126	5.434663999999998
PMean	2.0	8.923689999999999	30.0	12.247802000000004	9.756752092635166	5.570655880000004	3.9268782499999983
PMeanRelax	3.2157310000000003	60.9662	100.0	58.05304808695654	37.69239614618828	17.791138050000004	11.270882
DeathReportingRatio	1.0	2.3485400000000003	4.0	2.5206372173913048	1.292566606728269	1.3417059497826092	1.6583830000000004
alp	0.005222573	0.0219975	0.12909149999999986	0.05809017208695654	0.15035779485329254	0.007237406604565217	0.004397275000000001
