	PMean	PMeanRelax	beta	alpha 0	alpha f	t0	theta	alp	eq_gdn	eq_dpm	eq_alpha	end_gdn	end_dpm	end_alpha	mean_dpm	avg_Re	chg_dpm	eq_gdn_niqr	eq_dpm_niqr	end_gdn_niqr	end_dpm_niqr
AFG	13.0584	54.2196	0.155918	1.8866599999999998	1.1412	184.55599999999998	5.0	0.0253303	0.6413627676086148	0.3892043831389155	1.1412	0.7141583717854146	0.2949969611069918	1.1412000000000426	0.18355600000000005	0.9902267111111112	-0.0020325341122415237	0.05000284905384991	0.3824653031994247	0.061789971819521325	0.3282847921658624
AGO	26.4469	100.0	0.11619700000000001	0.001	3.96213	309.54400000000004	5.0	0.016027700000000002	0.8606074167147173	0.03788791396055592	3.9621299999990804	0.8660838249756877	0.036436510787415166	3.945865737775727	0.05945454545454544	1.1010968611111112	-0.00477092108719561	0.046302248850264204	0.4400340032900741	0.04691876697211629	0.3319289997454127
ALB	29.8808	41.93600000000001	0.137312	9.87202	0.0728411	57.3873	45.0262	0.00748936	0.728268468888371	4.2691724354068565	0.07427329947866212	0.754201543945908	3.0499959816941	0.0924904979293366	1.102619607843137	1.1208616111111107	0.003312082444128599	0.05128861577774771	1.064035760590326	0.06929937250997638	0.3048420988043332
ARE	2.0	62.0851	0.179321	0.622749	1.45155	195.171	5.0	0.020306499999999998	0.5576591698685597	0.4023335812795945	1.45155	0.646481044487264	0.300514209917333	1.4515499999996024	0.22327307692307707	1.040253372222222	-0.0018240348014255184	0.0477607762610298	0.4969050725564302	0.07418762677253203	0.07800940795825505
ARM	28.5372	28.8469	0.141988	0.250924	0.001	230.738	85.0911	0.015617700000000002	0.7042848691438713	19.788240064421718	0.01771619708769889	0.781677586960275	4.343382999365612	0.05670992320469043	2.8278069498069485	1.031143672222222	0.0031758941070150143	0.0235729830504548	0.11847206577927168	0.02777861875911416	0.10810005609094896
AUS	2.17801	100.0	0.219038	10.0	1.2344	155.67600000000002	27.1921	0.033786199999999995	0.4565417872697888	0.6351124302638306	1.2345452669415984	0.4638250322392051	0.6168072157858158	1.245523502158102	0.13244776119402987	1.062933977777778	0.0004253520803610544	0.050213049237217096	0.08688700980490016	0.0499379314595745	0.0821130636770022
AUT	2.5981400000000003	100.0	0.183435	0.385851	0.0708695	296.825	5.0	0.043125300000000005	0.5451522337612779	8.56066707569974	0.07086950000000569	0.6185148753457865	6.769394133503942	0.07097149719509588	1.321907407407408	1.2041960999999997	-0.006380340166872381	0.0448046955791785	0.13211325410440514	0.051422556700074576	0.12524896238811525
AZE	30.0	12.3781	0.134131	0.8880549999999999	0.001	281.691	5.0	0.028357099999999996	0.7455398080980534	293.6467483515517	0.0010000000000007778	0.7680665448837285	260.2542790494013	0.001013927239036816	0.546202380952381	1.0950766611111111	0.010570504640800048	0.026559493183361718	0.872756770441626	0.033342208692186084	0.608040244322703
BEL	2.25248	100.0	0.217598	0.0348088	0.0636109	224.858	5.0	0.025739299999999996	0.4595630474544803	12.222420021961431	0.0636109	0.527217462717375	10.06340380154319	0.06361089999476527	5.289558823529411	1.1043328611111116	-0.0021406296384596933	0.03752231966299408	0.04716757547826469	0.044527403543454636	0.044221995445134235
BGD	8.91629	94.0292	0.217583	10.0	3.09547	146.779	5.2134599999999995	0.00479901	0.4595947293676436	0.2511444791717507	3.0954700000000006	0.4817730272198521	0.2359196418388445	3.0954700000000024	0.16724066390041506	1.0038926555555554	-0.00028692435870100665	0.03612304772736722	0.020478398805616062	0.034681599219507954	0.014412936698579798
BGR	3.5648199999999997	24.39	0.143225	0.424104	0.022516099999999997	258.70099999999996	8.34482	0.014945600000000002	0.6982021295164951	15.955100302316652	0.022516100024415897	0.7327830384058046	13.787456108811655	0.022549889531229942	2.2552054263565893	1.1149333777777781	-0.004429016914865592	0.03271322460487118	0.2540792220807926	0.04468877688219377	0.23434157396428465
BHR	22.9704	3.06185	0.138705	4.78939	0.268271	150.34	6.40961	0.0158885	0.7209545438160124	1.2195846353486577	0.2682710000000004	0.9319089590749148	0.2628690856023422	0.2682710000010182	0.7478022388059703	0.9826716388888892	-0.006071180053514326	0.03496727728955061	0.16980055798392354	0.04750196998524175	0.6080136259286396
BIH	10.0905	9.74729	0.162473	1.4821600000000001	0.001	140.461	51.536	0.0144512	0.6154868808971337	112.7715762850264	0.004303758660815228	0.6727222590042987	12.019900629293712	0.032980532674400376	3.1855898437500003	1.1456570944444435	0.0126702602783291	0.03532584330557472	0.3450928318751695	0.05338585532012805	0.12429591563714427
BLR	8.72141	100.0	0.26708200000000004	2.0936	1.32441	218.238	17.6115	0.00625836	0.37441684576272455	0.7417527153877598	1.3244111157085232	0.3908630046281238	0.70881096343004	1.32531549405007	0.4942862903225802	1.0299376055555558	-0.0002410903035699566	0.10085393221366594	0.11857583501733895	0.1000522797475118	0.036090466528469714
BOL	30.0	60.9662	0.142337	0.59837	0.040635199999999996	127.22	35.7712	0.0112148	0.7025580137279837	8.675241371402839	0.040693657300240216	0.8530241100933013	3.7657678105673176	0.042213825926068815	3.1069635627530348	0.9628049055555556	0.000131418094870988	0.03392025461717303	1.185990988412929	0.058666439739594935	0.3536607662835327
BRA	5.34365	56.0494	0.24941	9.92343	0.14605	87.2425	10.1003	0.013330400000000001	0.40094623311014	6.257637402841159	0.14605000000000246	0.5943519540445632	3.562366444544226	0.14605000017828296	3.0791320754716986	1.019102377777778	-0.0027161841705497197	0.051481040227938965	0.056456901740762615	0.09980500094529887	0.12570627596861667
BWA	21.8819	3.73336	0.136666	1.10314	8.25831	314.81	5.0	0.775783	0.7317108863945678	0.0378249069097254	8.258309999995237	0.7423560276517002	0.03644480475242448	8.174726995608564	0.08580891719745233	1.2685686444444444	-0.011404004338927295	0.13033592336637131	1782.658462509772	0.1299536564207092	3231.0915213724934
CAN	2.0	100.0	0.202688	0.17256	0.302109	257.406	16.7162	0.021241	0.493369119040101	2.338559567319416	0.3021080475353935	0.5658459215408995	1.8917402754104984	0.3010103811110565	1.2062808988764044	1.0820997333333326	-0.0019295373487980762	0.04403710282085432	0.09001537099608499	0.04976176040867721	0.0699232994663249
CHE	5.4443	100.0	0.176093	0.364083	0.046571800000000003	26.7016	100.0	0.0449063	0.5678817443055658	11.11799651418559	0.050894248604960564	0.7081816630443294	5.729919169013907	0.06021980795928222	2.045106227106228	1.2174303111111109	-0.010935945849182864	0.037023241303509265	0.16303928379135826	0.04237281021787686	0.13019760303482986
CHL	9.59193	38.785	0.176836	9.94368	0.0397646	81.4042	16.8224	0.00541162	0.5654957135424914	14.335678750385165	0.03976460224333067	0.9453951316183664	1.4120294395119903	0.039767095934317716	3.06174144486692	0.965565672222222	-0.02960152312234344	0.03021720906621665	0.1034461060115911	0.038872584666385136	0.7447357963096467
CHN	5.16695	15.4572	0.116656	0.001	10.0	47.6139	5.0	0.166188	0.8572212316554656	0.015405924707598316	10.0	0.8589663266786589	0.015202555837316181	10.0	0.010475884244372971	1.1575032222222217	0.0	0.03985015123616915	0.27608584073803305	0.03971621092619833	0.27449032752740793
CIV	2.00006	56.1421	0.124885	1.92888	7.58634	203.235	5.0	0.0488906	0.8007366777435241	0.029292534720888844	7.58634	0.8051095006455558	0.02857464668970266	7.586339999986388	0.019792828685258973	0.9806378055555556	-5.116934344894115e-05	0.09218722342869802	0.3206543992276873	0.09225638649328473	0.3331688223715871
COD	7.2558	100.0	0.13846	9.93125	0.001	318.882	10.1692	0.0233772	0.7222302470027444	320.5175530713952	0.0010152682314696904	0.7253213310309219	0.2242697182227001	1.4319387817857605	0.01491056910569101	1.0131753388888889	0.04567835478586085	0.056792360229742024	0.0011352182072600987	0.0568865224605236	0.3711638026887588
COL	3.5922300000000003	23.9154	0.17371199999999998	2.1254	0.06424819999999999	136.785	14.7467	0.00618095	0.5756654692824905	8.595237873909547	0.06424820087617	0.815263190195999	3.1788589816604134	0.06425081650219155	2.778619230769229	1.068095272222222	-0.010042301417815794	0.04822127458918856	0.07081245152740516	0.036139918962513236	0.11476714251615155
CPV	25.7121	5.14874	0.111791	0.0139254	0.187549	300.08299999999997	5.20498	0.001	0.8945263930012255	0.5943026654266049	0.1875489999999794	0.9463971400303364	0.2939785294871021	0.18740480253647468	0.8511674208144807	1.0530326055555554	-0.0026304890576726173	0.08959853232853289	20.77592595483063	0.1086777025826897	5.316385346193449
CRI	3.72436	64.7347	0.154547	10.0	0.115632	137.017	18.3682	0.00271505	0.6470523530058817	3.7647618574038453	0.11563229965043398	0.6864015522413512	3.2490333073396265	0.11581674725741033	1.3114785992217897	1.122621838888889	-0.0009025158252829721	0.02977832180970965	0.06102986456739175	0.03976688162943224	0.04671967251155877
CYP	26.9681	100.0	0.149125	1.8048099999999998	0.540337	261.251	5.0	0.038520599999999995	0.6705783738474435	0.7395656681478205	0.5403369999999998	0.6897071582271866	0.687511591668731	0.5403373329928463	0.22123921568627453	1.1279354055555562	-0.0012072105218826775	0.07207871982233352	1.041691783669815	0.07049256109956831	0.3214530121864421
CZE	3.87782	100.0	0.18626800000000002	0.8956719999999999	0.04187	272.094	5.0	0.0256514	0.5368608671376727	14.855894695417188	0.04187000000000018	0.5783104247239665	13.07902478284186	0.041871966494060435	2.9205169811320744	1.154807861111111	-0.0023868383492880066	0.04791752567715247	0.14054152772809486	0.114012563846252	0.1075886323627104
DEU	30.0	100.0	0.189435	10.0	0.47590299999999996	92.4	7.00215	0.0423533	0.5278855544118035	1.3424495575319988	0.4759030000000006	0.5619936897801345	1.2108867926882148	0.4759030000000077	0.7271407942238269	1.2150063666666664	-0.0017942061828133532	0.042438367094411185	0.2973888320844104	0.04324639482948127	0.2965772927444522
DNK	13.7807	37.3397	0.131224	0.001	0.316275	110.456	21.1531	0.034137400000000005	0.7620557215143571	0.859175159195882	0.3162749734017167	0.8045574626074699	0.6875906362394696	0.31626796112935346	0.5393805970149269	1.1231043333333337	-0.0014318583897567096	0.03717560925050355	0.8035070631436885	0.03478529263577646	0.32358685417466315
DOM	10.1526	96.0378	0.165026	0.425795	0.265482	239.38400000000001	5.0	0.019724000000000002	0.6059651206476555	1.886880659541172	0.265482	0.6364884852832754	1.7017686732838897	0.265482000532293	0.8355603112840471	1.005878288888889	-0.00015113436600893676	0.06303264340051756	0.51731713217259	0.09817284427502712	0.14100509420316862
DZA	27.8502	62.3419	0.15498199999999998	1.90783	0.828885	292.48	5.0	0.0203792	0.6452362209805009	0.5285881577726641	0.8288850000000081	0.6818385170694725	0.4619395102912031	0.8290315487935214	0.21475097276264613	1.0650970444444454	-0.0009156029050974765	0.058047951612782124	0.2923056232504274	0.05995766584701056	0.2776629894079252
ECU	30.0	100.0	0.221125	0.193691	0.001	240.043	5.0	1.0	0.4522328999434709	793.5579664918572	0.0010000000000000009	0.5447391432999595	607.4477916519878	0.0010000007299336977	2.9360807692307698	1.5144696111111118	-0.0007231454059705622	0.2267187169825237	0.4827849659512927	0.21955825229342485	0.4608654793503565
EGY	8.90315	10.0508	0.141797	0.578182	2.05211	212.43400000000003	5.0	0.00822131	0.7052335380861372	0.1701791187254092	2.05211	0.7192338217359603	0.1605999532425983	2.0521099999776737	0.2462954545454545	0.9682747388888886	-0.00011792721093557268	0.019984225569431028	0.07463181234565927	0.021933044871936803	0.06312172764397446
ESP	8.83618	100.0	0.266237	0.0657065	0.144438	236.945	5.0	0.0665628	0.3756051938686208	6.779495032833613	0.144438	0.5610683173410493	4.001111921547034	0.14443799983949754	3.5027644927536232	1.1281424888888891	-0.005189481457953856	0.06379863900502751	0.15318074230289755	0.1076735913891292	0.08338298034762599
EST	6.93191	42.7868	0.129116	0.407981	0.001	296.248	5.0	0.0168362	0.7744973512190588	255.54103911767726	0.001000000000006607	0.7957967832798233	204.4080113969588	0.0011174289185528208	0.33001515151515115	1.1819348611111116	0.04324683475016339	0.03371972964200914	0.04364252969944775	0.033799533164049524	0.02175769300723011
ETH	2.0	99.4462	0.158424	9.979619999999999	2.7555099999999997	190.627	5.0	0.0999585	0.6312174922991466	0.1669762755593295	2.7555099999999997	0.6480080348661389	0.15744895980117413	2.7555100000013955	0.06461572052401746	1.066325966666667	-0.000323309272301316	0.12341443078622892	0.5748898922789973	0.12076808926439755	0.526758851424321
FIN	17.9763	35.5602	0.124949	0.344848	0.713095	161.517	5.0	0.0181114	0.8003265332255559	0.3123503433056797	0.713095	0.8053384186141188	0.3035958660643968	0.7130949999999998	0.2718037735849063	1.0984739444444438	-0.00013055661910090895	0.02644747122487829	0.8007383084867831	0.026173232417567967	0.43941919048689215
FRA	14.3049	100.0	0.20210999999999998	0.07563639999999999	0.141125	247.017	5.06611	0.08298810000000001	0.49478007025877	4.985948043596719	0.141125	0.5811210820855459	3.8462082962633337	0.14112499873429088	2.9325884476534303	1.128548977777778	-0.003405729837335729	0.08576447807115821	1.0171975473024344	0.15701327678354526	0.21920153750653365
GBR	2.0	84.6699	0.214052	0.033883800000000006	0.100515	206.18099999999998	91.7041	0.0182886	0.4671762001756583	7.897078765877218	0.0963709255957991	0.6908180196535456	4.221755046417904	0.08761257907832609	3.1398913043478256	1.0950721111111108	-0.011289406476615754	0.04117275663210025	0.5132735458157345	0.04141647504973128	0.07809446613533365
GEO	2.0	100.0	0.187538	6.848139999999999	0.046382400000000004	248.86599999999999	11.1564	0.017112	0.5332252663460205	13.557091347434467	0.046382464308903686	0.5863839257704859	10.91497054581341	0.048903525507438594	1.2830362903225807	1.2662268777777783	0.003078779156559953	0.12009143402095715	0.29634196804312346	0.13346704373826798	0.17685060512298603
GHA	6.99998	2.5182900000000004	0.11885	0.640302	6.76048	219.4	5.0	0.0715215	0.8413967185527977	0.02554434120330383	6.76048	0.8575196382120817	0.022736728532252167	6.760479999626615	0.04097619047619056	1.0203125666666668	-5.259966396282884e-05	0.05167395262640696	0.4283349772566056	0.05093114372187802	0.47693595718299203
GIN	20.0818	96.9235	0.135292	10.0	7.74746	173.1	5.78984	0.043993	0.7391420039618012	0.0390147505861952	7.74746	0.7463107483577425	0.03776892204076949	7.747460000001143	0.024008230452674945	0.9972129222222224	-4.909853254453305e-05	0.08740011621665618	0.2336631367240428	0.08707590411479098	0.17666871584775304
GRC	5.7823400000000005	53.106	0.164244	1.76645	0.0822918	273.052	12.0279	0.0147964	0.6088502471932004	6.029521843239224	0.0822922536694013	0.6282365459352631	5.135240720692073	0.09051932386724082	0.8729811320754716	1.1892342388888888	0.009645179867717787	0.042522003464488506	0.2551503428348826	0.04880946521827885	0.19258131143858948
GTM	2.0	65.3033	0.138095	0.0739003	0.15986	208.178	5.0	0.019294400000000003	0.7241391795503096	2.0190896291982585	0.15986	0.7923120738881898	1.4562738151626724	0.15985999999944414	0.9823839662447259	1.0308182388888891	-0.0017230465360225918	0.03409985069167952	0.6656732160913614	0.11238460532054204	0.3560323878222095
HND	13.9696	4.3682099999999995	0.148283	10.0	0.17058299999999998	104.992	5.0	0.049163099999999994	0.6743861400160505	2.309447155245836	0.1705830000000006	0.8683057869881655	0.8278160027914189	0.1705830000000006	1.1822851405622488	1.0425683500000005	-0.00416982993523234	0.054137634183040365	0.2291621406372688	0.06451338196656156	0.3522138730063856
HRV	2.0	3.28168	0.186871	1.7036	0.035345499999999995	261.365	13.497	0.0230368	0.5351285111119435	17.689125945149478	0.035346480950176666	0.5543651574007946	14.226090368622684	0.04146829277731512	1.678521235521235	1.26204175	0.013660866286453478	0.04291824521955531	0.3674210768267137	0.0668946420870839	0.14673777339681798
HUN	7.6534	47.0075	0.17041900000000001	0.614795	0.0439231	286.55400000000003	5.0	0.0197235	0.5867890317394188	12.136892080445133	0.043923100000001436	0.619296832600609	10.903422613934802	0.04394680482456237	1.9452723735408557	1.2477095166666663	-0.00216910279354711	0.041718558161640766	0.24909986154661046	0.08158443813735332	0.13104805975619732
IDN	10.5754	63.8009	0.183368	7.9286	1.29457	151.928	29.74	0.00494954	0.5453514244579207	0.4682700310773194	1.294818878776078	0.5638391720012139	0.4381629741693168	1.30770114764099	0.23541444866920155	1.0659333000000004	4.1189382776132224e-05	0.042798423282966715	0.06149530096014515	0.048150341205021714	0.035436476227042116
IND	9.08245	85.8811	0.178326	10.0	0.688841	139.142	16.2438	0.00570893	0.5607707232820789	0.8397338744663717	0.6888410334363986	0.6242786792016539	0.6839397536691239	0.6888887602995162	0.3778295454545455	1.059463044444444	-0.0008794132391149268	0.02167993696376877	0.0520291040967538	0.043015490785234235	0.0321772892110315
IRL	10.44	47.1569	0.194115	0.100954	0.668475	237.39	5.0	0.0244634	0.5151585400406975	0.9922294490499296	0.668475	0.6384210061200233	0.6713150527895603	0.668474998735359	1.5798749999999953	1.095858677777778	-0.00131785269885041	0.047741758003259305	0.1381928161651513	0.07941498854656083	0.08546791023309379
IRN	19.7743	99.2898	0.20394400000000001	0.612329	0.001	220.893	51.8481	0.0317946	0.4903306790099243	93.57480533973505	0.007616101981511303	0.7184434549533739	5.52467964964544	0.0598529319838268	2.04340925266904	1.0843338888888885	0.0046816900145439	0.05286200350844635	0.3150109801855382	0.13937369169417288	0.1574531754340459
IRQ	14.5793	96.5402	0.183085	10.0	0.169206	137.485	10.9073	0.0080944	0.5461943905836087	3.57422514498178	0.16920600000224084	0.7997706709190371	1.320462076427688	0.16920611182192324	1.1501132075471692	1.0532158277777786	-0.006910694276454333	0.0432262308211557	0.08682119257665176	0.061902451329801524	0.1827004465998837
ISR	29.2177	5.58196	0.198432	2.6705099999999997	0.300496	218.952	8.58353	0.0417345	0.5039509756490889	2.2804838872171835	0.3004960000027017	0.6231477356890702	1.5739566611630649	0.3004985232693476	1.2502452830188673	1.1180092222222215	-0.0016225149326333046	0.06066399344843663	0.14832878010001493	0.11848707823630865	0.20877243110992968
ITA	8.45462	100.0	0.210862	0.0740459	0.045757	329.30800000000005	5.0	0.015381	0.4742438182318293	16.304253012139807	0.04575700000034209	0.6516700714142888	8.436512114687076	0.05075757193808693	3.2443133802816937	1.1857030388888892	0.009978372477886448	0.02654425126562109	0.03842867038289868	0.028191123744529412	0.04012283217597203
JAM	5.27505	100.0	0.194908	10.0	0.466645	217.199	13.9926	0.0355997	0.5130625731114167	1.4301168961027586	0.4666453967450295	0.5267632246971451	1.3682978934418095	0.4684682505712736	0.3659094827586205	1.1055381388888894	0.00018926566848641855	0.11098578970737784	0.1194611293497706	0.11436359988899107	0.10237836648323677
JPN	4.42629	10.8192	0.15054800000000002	0.001	5.28543	107.29899999999999	5.0	0.0221734	0.6642399766187529	0.07740368980922294	5.28543	0.6649513051135135	0.07720118635581316	5.28543	0.057748251748251725	1.144056916666667	-1.5891190977369614e-05	0.026646346213629348	0.0748247083809348	0.026603567558212096	0.07446253689740635
KAZ	3.49254	57.3585	0.17565	6.93037	0.293279	163.985	5.0	0.0851977	0.5693139766581271	1.920775755249249	0.2932790000000001	0.6288093048845487	1.5818631410098685	0.2932790000000063	0.5142539682539684	1.0889348500000005	-0.0007942468790208765	0.13213308946001598	0.3781976174034776	0.13136696266034836	0.4152295608410728
KEN	26.3034	25.619	0.148448	4.52496	1.66936	269.685	5.06569	0.00647473	0.6736365596033628	0.23665628898574406	1.6693600000000006	0.6842708080200018	0.2272729801540366	1.6693648373839207	0.11119591836734699	1.0783883111111106	-0.000415960446457646	0.02211484193569414	0.11204831878464	0.028563705360844113	0.08788854542007475
KGZ	17.9633	30.5651	0.137298	0.0888743	0.63149	251.296	5.81154	0.0726321	0.7283427289545368	0.5019613296130592	0.6314899999999997	0.7741707351257769	0.4053317207415598	0.6314897862725432	0.7891457489878546	1.0584013833333337	-0.0009136862911864703	0.04026538110722362	0.5750389502576064	0.05324020146373087	0.3591454435159418
KOR	2.0	78.0121	0.19742200000000001	7.35085	10.0	168.543	5.17796	0.113193	0.5065291608837921	0.06801733836361827	10.0	0.5079709485984286	0.06773310208373097	9.99999999999998	0.035790940766550546	1.1536030611111108	-1.7253151294913147e-05	0.3488659914984287	0.35376308945179435	0.3495160961179841	0.3392535159213298
KWT	29.9813	100.0	0.158505	0.576466	0.25202600000000003	165.94799999999998	5.0	0.012269799999999999	0.6308949244503328	1.8276525143160331	0.25202600000000003	0.8644142473683167	0.5781275428183758	0.2520260000000004	0.7797386363636368	0.9769910555555557	-0.008188986132710806	0.030560707828095605	0.14398561544364924	0.05820587644025954	0.2665075395614623
LBN	3.38745	24.8504	0.135185	3.51131	0.146278	183.467	5.12898	0.0145753	0.7397270407219736	2.060966274628888	0.14627800000000013	0.7858025667846792	1.6478876208454796	0.1462780000003363	0.5676311787072241	1.157301622222222	-0.003511002018545745	0.05314458759228991	0.3355831733236557	0.06550556282448597	0.13992639848261013
LBY	4.57482	2.0	0.146145	9.29433	0.227223	173.442	5.0	0.012677200000000001	0.6842519415648842	1.6698533755707925	0.2272230000000004	0.7517214728826758	1.255988194176909	0.22722300000005724	0.9063227513227514	1.1466695777777784	-0.003296604254484155	0.037926783480834905	0.1844077714059448	0.08737356000678786	0.15265647409083202
LKA	2.0	100.0	0.14388199999999998	10.0	1.8136900000000002	269.72	5.0	0.361553	0.6950139697807924	0.20059841164440312	1.8136899999999996	0.6970384508605911	0.19899341659087086	1.8137017279205665	0.021685039370078745	1.2817989222222226	-0.00027924131797139585	0.07407204585149006	1.1310406286404049	0.07410704752772132	1.1534972285439524
LTU	2.0	100.0	0.156212	0.749973	0.0551052	285.502	5.0	0.0125089	0.6401556858628018	8.094406209404783	0.055105200000001416	0.6796716859586651	7.004450656027943	0.05512857911832403	0.7279804687500001	1.1817296777777782	-0.004523739033528445	0.10284529964951668	0.20838220930589746	0.10475473952174626	0.19245968219569465
LUX	5.79603	81.8841	0.198436	8.34879	0.061203499999999994	-170.476	69.9781	1.0	0.5039408171904292	11.001468159463773	0.06229136276013492	0.6473938760386928	6.48243268251574	0.06707364629079215	1.9411455938697324	1.4240092555555557	-0.010899805002457758	0.22577066418437935	0.694874852108738	0.21005953376734096	0.6650908162130862
LVA	2.00394	99.4276	0.132174	9.25324	0.001	13.7	54.9127	0.00834587	0.7565784496194409	69.87894544332707	0.0039918898118429524	0.7632860699588975	10.15759960194168	0.026593132303785797	0.4271085271317831	1.2162563333333334	0.014838720277404275	0.0311216593387411	0.5089838491894829	0.03267728827160312	0.4525557654631511
MAR	30.0	68.7361	0.165552	6.14618	0.281267	212.55	17.1674	0.037587199999999994	0.6040398183048226	1.7922736315116914	0.2812713137163705	0.6897088276737046	1.3014839124705828	0.28543246349215323	0.61994921875	1.1350690444444445	-0.003439129278786625	0.06717987553027213	0.22269514792952735	0.07996367810636723	0.13936138194078734
MDA	12.6919	2.0	0.150023	0.633754	0.001	119.53299999999999	100.0	0.012266899999999999	0.6665644601161156	18.147869003628625	0.022350747054987075	0.7245529685161769	4.913728411183781	0.06557147292007283	2.2409176470588252	1.0656511222222227	0.006283837093540572	0.046216643350517735	0.7201251967441359	0.0823511792070128	0.12654350653567295
MDG	12.700999999999999	100.0	0.139463	3.71179	10.0	322.378	5.0	0.0398761	0.7170360597434445	0.03326291471185648	9.999999999980984	0.728415229434343	0.03273747539293305	9.679549796651036	0.0384618644067798	0.956312377777778	-0.026654883357868416	0.043887751791915335	0.1554832454184398	0.044444173587016994	0.1751411233727549
MDV	13.1248	100.0	0.17676	2.16548	0.633513	174.942	6.3699	0.0406134	0.5657388549445576	0.8991491796923629	0.633513	0.6349530685448013	0.7169611209468659	0.6335130000136859	0.3834508928571431	1.0210732388888892	-0.0015408050884895272	0.09510158877546697	0.18879654856191025	0.10505457873938036	0.2035759593027523
MEX	7.55518	43.4483	0.182279	3.2279400000000003	0.09502580000000001	94.1104	15.6001	0.0174863	0.5486095490978117	6.317950415048642	0.09502580028123342	0.6674646408769332	4.254282060857997	0.09502634211759453	3.169750000000002	1.0308366222222227	-0.002586398877944336	0.05263743418953682	0.08260875020712627	0.05470615140575303	0.08684893139924238
MKD	18.9901	90.4992	0.14815799999999998	7.18052	0.017401	-84.1246	69.8931	0.0178931	0.6749551154848202	19.083391505439693	0.02059953996052144	0.7547883332412142	8.113728839302889	0.03467184175537685	3.298332031249997	1.0929161611111102	0.0006767328911200707	0.043514834112418174	1.1969355111582651	0.06591703637324244	0.19666320327174255
MLT	2.76376	17.4011	0.136749	0.875403	0.0479259	249.53799999999998	7.35343	0.042749800000000004	0.7312667734316155	6.530434330269013	0.04792590000060682	0.7561826483338101	5.830654743867682	0.04793155244727288	1.224470588235294	1.1225131555555559	-0.00239530138215166	0.05634766024402056	0.3359113148614737	0.07278740091425392	0.2228596183353469
MMR	30.0	7.180289999999999	0.159724	10.0	0.39763899999999996	222.65599999999998	35.2751	0.00829015	0.6260799879792642	1.1397504704611068	0.4108593519865664	0.6500598937386879	0.5674360231997783	0.7590120445569095	0.15638157894736848	1.406139900000001	0.01191330690528856	0.02761622546860808	0.5270002434644586	0.03085509990268395	0.1171912949665699
MNE	15.5926	13.63	0.180474	10.0	0.050214800000000004	124.171	26.3688	0.0708068	0.5540964349435376	11.749535092605564	0.050250204151456764	0.6316288722775333	8.616565746705684	0.0533220888966639	3.188943319838056	1.2404563611111108	-0.0014798066383151561	0.11306485464038865	0.8107186633837937	0.2107911115579547	0.2568247878529165
MOZ	21.4921	3.63619	0.11906300000000002	0.001	10.0	268.712	5.0	0.015871299999999998	0.8398914860200062	0.01744825787991766	10.0	0.8417005665023801	0.0172331151509304	9.999988290570297	0.020286407766990283	1.0804685444444444	-0.00012906035152055538	0.0295817373731827	0.4261422333724844	0.029506601366699095	0.22884743015359535
MYS	14.4468	100.0	0.168426	8.77016	3.36915	247.718	5.0	0.0721559	0.5937325591060763	0.15473525910150907	3.3691499999999994	0.5985389269893229	0.152342193346983	3.3691500949596245	0.04137546468401484	1.2204529388888887	-0.00014672297753056204	0.061909681422576	0.3861428246476564	0.061933406828134085	0.24107762926170875
NAM	21.8523	55.3459	0.15521	10.0	0.7215060000000001	211.04	5.0	0.0052652	0.6442883834804459	0.6092934122169488	0.7215059999999998	0.659851198306063	0.5762127084621453	0.7215060001063467	0.3680062111801243	1.138916661111111	-0.00032957173002878625	0.04391455009950235	0.1487360884460327	0.05714044162519547	0.13604560050791667
NGA	6.675660000000001	100.0	0.147419	6.08055	9.95383	221.328	12.5001	0.020880799999999998	0.6783386130688718	0.0389908896936587	9.953829970518674	0.6865579948351902	0.03778229991532285	9.953459137813995	0.02285140562248995	0.9840536666666668	-2.2521471574242387e-05	0.03937409597092816	0.08935232715288112	0.039026275696484265	0.08562038703155937
NLD	2.0	100.0	0.22131900000000002	0.0974447	0.165578	230.37	5.0	0.0239915	0.4518364894112119	4.797949689494566	0.165578	0.5681273887342109	3.4147628887527315	0.16557799996270978	2.0343566176470578	1.1392925111111114	-0.0030029994393141997	0.05986862367145935	0.08522311331468803	0.06658393335239765	0.0675902890040881
NOR	2.0340000000000003	97.8737	0.176072	0.589384	1.53764	255.93099999999998	5.0	0.0290743	0.5679494752146849	0.3679162979008608	1.53764	0.5738687725951734	0.3611733299698212	1.5376399138288894	0.2280330882352941	1.119482966666667	-0.00013629445126060283	0.0522213130081602	0.08938645002581681	0.053163107328561054	0.08807214852879297
NPL	13.7594	58.175	0.145148	10.0	0.766338	212.65099999999998	5.0	0.0546347	0.6889519662689116	0.486187198779328	0.7663379999999993	0.699514620342969	0.4663328503784078	0.7663380001460673	0.2450904761904761	1.132991627777778	-0.0005180943485964204	0.04415905269322554	0.1357100894161201	0.05009042081653743	0.12403771342309995
PAK	30.0	72.8841	0.15423399999999998	5.88244	1.7792599999999998	141.47799999999998	5.0	0.0179438	0.6483654706484951	0.2435286263404818	1.7792599999999998	0.6830622966238145	0.2142290689876593	1.7792599999999998	0.1393612167300381	1.0073434277777775	-0.0010667680925153026	0.05884483249628294	0.15357248493704434	0.05239037147953322	0.14738697454540015
PAN	2.65825	71.7586	0.199845	0.470434	0.08503680000000001	159.684	12.9163	0.0089811	0.5003878005454226	8.14202650762033	0.0850368000453186	0.6792052339215989	4.548972029358695	0.08503722060911506	2.7553166023166007	1.0556744555555555	-0.003988804934354623	0.048569621388856295	0.13006791831771009	0.057612845566296936	0.1116629927800608
PER	14.0698	99.6991	0.17388699999999999	0.153065	0.0132925	187.718	10.3398	0.0270548	0.5750861191463421	41.620122395079754	0.013292500000829849	0.9550177765362668	3.4624837090916096	0.013292575032106624	4.175264367816093	0.9775331833333336	-0.02017769788068668	0.04767061167840319	0.7609723104950706	0.15628662048868006	2.670319613201886
PHL	9.51898	6.24234	0.163026	3.28838	0.9608760000000001	198.331	5.0	0.0358189	0.6133990897157509	0.5086395240394025	0.9608759999999998	0.675374052998379	0.4084695517469522	0.9608760000021	0.2895454545454545	1.0707929111111107	-0.0011716259200602046	0.05763004507238295	0.11546567364575372	0.05960606045850012	0.11060118377887294
POL	14.5066	2.0	0.161446	1.45916	0.0538599	265.628	5.0	0.0133376	0.619402153041884	8.893453857823609	0.05385989999999996	0.7503948306805603	5.331443895369406	0.053860788128179626	1.7400454545454545	1.1738758833333331	-0.020185633913083825	0.02324631368002946	0.13964445984620627	0.04265747199717036	0.13040344155699107
PRY	6.25101	2.0	0.141772	10.0	0.104902	197.31400000000002	5.0	0.0632036	0.7053578985977484	3.3273907780493266	0.10490199999999916	0.8402290276671014	1.659460947463731	0.10490200000728578	1.016227272727273	1.123277	-0.0071638124378745624	0.04851060767183701	0.28243757791014457	0.0970520726433819	0.32120243747068983
PSE	16.1987	12.2943	0.161406	7.950589999999999	0.00653244	123.49799999999999	55.5443	0.040839	0.6195556546844604	17.85908252381579	0.026807241818808336	0.662711615674425	2.377257476416687	0.1730630174984853	0.5766425702811245	1.1689321833333337	0.013137224461968588	0.04849198941773436	0.5561549857923174	0.06045690689975228	0.17113607907313352
QAT	2.0	27.5487	0.13667200000000002	0.001	0.343389	122.654	5.00785	0.032612	0.7316787637555608	0.90979533028421	0.343389	0.9023832447417168	0.2991242172905741	0.343389	0.3090561797752809	0.9545313166666662	-0.0020525622224696364	0.042041035328861914	0.8559900728823431	0.05432417814249814	0.5336368962546549
ROU	8.923689999999999	41.2237	0.19597799999999999	0.69639	0.00584822	225.451	42.8956	0.00512311	0.5102613558664748	73.87941102911122	0.00910716819032864	0.6545692815279774	7.910728471090717	0.05357001528407535	2.2368749999999995	1.1199752277777772	0.009846542159964996	0.03334827172241138	0.5018335361771133	0.08770688651166507	0.05499634701678622
RUS	2.0	100.0	0.195934	0.631579	0.148149	289.80400000000003	18.0613	0.00785417	0.5103759429195546	4.538497167060641	0.14820052918008209	0.5265549481422529	3.540372237884631	0.18116727417748413	1.0401417624521074	1.0248678833333331	0.010633424108392487	0.02278721950041629	0.4266602634591794	0.04487839823956805	0.08320132912237169
SAU	25.983	11.0422	0.171478	2.74551	0.5341229999999999	156.987	5.0	0.0122089	0.5831651873709747	1.0096640521115046	0.5341230000000001	0.7810133814959321	0.4627454640440952	0.5341230000000006	0.6413522727272724	0.945678666666667	-0.0037763680372897225	0.03160531732502893	0.06447865690776898	0.035725657417929615	0.10870306631160363
SDN	28.0857	100.0	0.15562	2.73766	0.001	297.035	5.0	0.0803892	0.6425909266161162	442.2469521775666	0.0010000000000522924	0.6502669941295524	223.66482612336566	0.00192418382314008	0.12447136563876662	1.061548066666666	0.06288144705263729	0.059625157875743164	0.8276227844131295	0.06052667380757554	0.1110519025411451
SEN	9.13521	9.05669	0.124822	1.1922700000000002	8.80342	257.039	8.592889999999999	0.0219975	0.8011408245341365	0.02518550023531821	8.8034199992479	0.8091492454319116	0.024057530456992892	8.802728024906553	0.07903571428571414	0.9680124388888888	-7.261121431686264e-05	0.05145698157801045	2.1784628062859963	0.05457939076106141	2.1053702115773154
SGP	2.0	100.0	0.13874	2.0768400000000002	10.0	219.511	5.0	0.0812062	0.7207726683004181	0.03274314919690638	10.0	0.722782797041239	0.032464652100435226	9.999999999505764	0.017672661870503596	1.0005348999999997	-1.2107798066148442e-05	0.05274435461827176	0.15824437365573796	0.05273402177019202	0.15931427117452246
SLV	30.0	11.2416	0.151292	4.0845199999999995	0.398582	163.30100000000002	5.0	0.0243801	0.6609734817439125	1.0387863935794013	0.3985820000000002	0.7654217733354807	0.6706982738632087	0.3985820000000033	0.7209285714285711	1.0292762333333332	-0.002567106463800196	0.050908293399420525	0.08844115479656976	0.049882834228889616	0.10382370629354604
SRB	30.0	47.0101	0.201376	9.62721	0.11064700000000001	-24.0813	100.0	0.021921	0.4965835054822819	3.7029852467207167	0.18903764792915112	0.5426047424434661	1.6930485423769328	0.3611084521634549	0.9064401544401544	1.1984455499999995	0.0033446932451459605	0.04437810322921838	0.328759665354588	0.04857511060813655	0.11040131613879137
SVK	15.5397	14.1444	0.137415	8.68099	0.00374158	186.84900000000002	33.7518	0.014363599999999999	0.7277225921478732	46.62661068389691	0.006816608659418577	0.7399182534874631	2.8951832260547214	0.10404024326869354	0.5956038461538461	1.256566527777778	0.02238686274452513	0.02608315239395712	0.4924507538219989	0.036977316051102216	0.12473364029219355
SVN	2.49841	23.8076	0.14414000000000002	0.458372	0.0194882	272.505	5.0	0.0194352	0.6937699458859443	18.760832889040607	0.01948820000000012	0.7358009821506064	15.74174760915832	0.01948929744797756	2.6130264150943394	1.2404845388888894	-0.005955088049444502	0.04047049514620892	0.4981682710390626	0.06771275482203469	0.1757073758077971
SWE	2.5902	73.7896	0.167432	0.0442959	0.120976	180.946	5.0	0.0224761	0.5972573940465383	4.26040795446688	0.120976	0.6453944785009639	3.619672948014288	0.12097599999999785	2.470261029411765	1.0784003222222225	-0.0010142706607322186	0.044676004265317856	0.1245447386865563	0.04557903225825165	0.12632931178646445
TJK	2.6696400000000002	15.3438	0.14188199999999998	0.001	10.0	158.713	5.0	0.00756314	0.704811040160133	0.03498255402374857	10.0	0.7156606137563241	0.03345492275301147	9.999999999999998	0.04205607476635522	0.9894007277777777	-4.945872622749229e-05	0.07374437085210826	0.22042733214207325	0.07445529102405836	0.23369692239163584
TUN	7.233410000000001	76.3692	0.17403	6.376580000000001	0.05216030000000001	234.25799999999998	15.92	0.0224865	0.5746135723725795	10.620982413666693	0.052166314807663205	0.7187840444465942	5.3167813660272065	0.062104175265811364	1.0803503937007874	1.2070535722222215	0.001251978043316743	0.10644013299997858	0.9386534013172941	0.11773941767099427	0.1902056409991396
TUR	10.6566	99.8515	0.225764	0.827744	0.001	321.504	5.0079400000000005	0.0322786	0.4429404156552861	814.3200181066147	0.0010000000021900268	0.5049301667453492	18.55173669616729	0.036834025521858334	0.6294169884169879	1.1602518166666669	0.06375571205064685	0.04276884538215616	0.8867065418704918	0.04202341166552147	0.2612901541843266
UGA	30.0	25.2097	0.135182	10.0	3.8605400000000003	306.226	5.0	0.112754	0.7397434569691231	0.07808540584028241	3.860540000000735	0.7480833210836658	0.07492895636013511	3.8735480845774086	0.021066666666666657	1.2146951111111122	0.0026936086977103093	0.05609598889900348	0.3050386453639859	0.0563239326161482	0.21590474676873644
UKR	8.736460000000001	4.783440000000001	0.17456	1.98605	0.0127488	214.71	34.7557	0.00288349	0.5728689275893676	37.87598499674171	0.014708484443232141	0.6499222201342627	6.1948974411015145	0.06955766236345108	1.1567826086956523	1.105803944444444	0.016522267164660268	0.0313815675432818	0.5816449866046388	0.051578685886488805	0.07062502438272285
USA	2.55958	100.0	0.299894	0.16512000000000002	0.26208000000000004	207.578	5.0	0.010565100000000001	0.333451152740635	4.190548278761623	0.26208000000000004	0.36596310419508704	3.835556924887584	0.2620799999994439	2.9710364963503637	1.0650770444444446	-0.0005365766314649959	0.02760306406482329	0.02015012072432554	0.03077152425701222	0.01501007188303563
UZB	13.0129	100.0	0.12523499999999999	9.98227	1.5593700000000001	151.44899999999998	5.0	0.025689299999999998	0.7984988222142372	0.14430301104034465	1.5593699999999997	0.8160363532453043	0.13037083852110795	1.5593699999999997	0.07282800000000003	1.0289831500000008	-0.0001626311514907389	0.03731639246619317	0.1337988268279426	0.037568748515147576	0.1371975100132828
VEN	7.26947	25.7967	0.12948900000000002	0.697071	1.7196	277.846	17.2532	0.0215403	0.7722663701163807	0.15028558173795095	1.7195644882912713	0.7807625548069826	0.14665919948179204	1.6874782037422842	0.1253055555555556	1.0540387888888891	-0.001778407018254909	0.03066013171297505	0.4982985968186662	0.032942355306196686	0.3472963967698551
XKX	20.3217	24.6406	0.18163800000000002	2.82681	0.15071199999999998	172.55700000000002	12.0193	0.025387299999999998	0.5505455906803642	3.9601724396880287	0.1507120001667106	0.613231322977801	3.244619703885703	0.15071505961895548	2.1114655870445342	1.1515427277777777	-0.0030337494830566664	0.0587344979175876	0.13387439651468375	0.06239654325577097	0.11851179725062015
ZAF	2.14932	30.951999999999998	0.146332	10.0	0.12013199999999999	103.24799999999999	5.0	0.0143461	0.6833775250799552	3.1690792358418025	0.1201319999999999	0.7639146757052491	2.24169394554721	0.1201319999999999	1.3987807692307692	1.0175636833333332	-0.0017722189436156933	0.021041001299253504	0.05782261919383249	0.024552190472095798	0.06885986501139259
ZMB	30.0	100.0	0.146013	9.93608	2.01263	181.646	5.0	0.220669	0.6848705252272058	0.18807504253251334	2.01263	0.7042479307469208	0.17421225484389152	2.0126300000002533	0.08876036866359427	1.0453610055555556	-9.364447449565524e-05	0.08994901355856272	0.6462817664288849	0.09040617873202243	0.3689291964218579
ZWE	7.9238	84.33	0.13311099999999998	1.27239	0.001	305.01	5.0	0.091556	0.7512527139004289	286.0131805921225	0.0010000000001191278	0.7655178815276633	85.82900326760735	0.0031131982745464803	0.09651578947368424	1.0853038888888884	0.06502287617756729	0.06098835898272049	0.0004789716362560117	0.061749686114348064	0.0010424277139285572
