	0.05	0.5	0.95	Mean	StDev
PMean	2.0	8.923689999999999	30.0	12.247802000000004	9.756752092635166
PMeanRelax	3.2157310000000003	60.9662	100.0	58.05304808695654	37.69239614618828
beta	0.12486610000000001	0.158505	0.22118320000000002	0.1659998086956522	0.03402837715606435
alpha 0	0.001	1.90783	10.0	3.8691035826086946	4.007939130056765
alpha f	0.001	0.187549	9.967680999999999	1.4632743403478266	2.7942764816713246
t0	54.45528	211.04	307.2214	196.5065913043478	84.35586077860609
theta	5.0	5.06569	69.9186	16.14525895652174	21.986986320859717
alp	0.005222573	0.0219975	0.12909149999999986	0.05809017208695654	0.15035779485329254
eq_gdn	0.45211397678379317	0.6308949244503328	0.8008579217807078	0.6250598981453469	0.11524050329273715
eq_dpm	0.03310698505737145	2.2804838872171835	264.6826815600108	35.809917606202774	122.80112035576612
eq_alpha	0.0010106877626857914	0.18903764792915112	9.967680979357368	1.4648185759497006	2.7935180671598907
end_gdn	0.5209797482791056	0.6897088276737046	0.8667504135794311	0.6946026006577881	0.11332336138676294
end_dpm	0.032655628405183705	1.4562738151626724	16.584744335261004	14.916856043517262	67.08230532872994
end_alpha	0.01763028072321628	0.2520260000000004	9.761722598999922	1.4840822823249757	2.7751339386985134
ear_gdn	0.45211397678379317	0.6308949244503328	0.8008579217807078	0.6250598981453469	0.11524050329273715
ear_alpha	0.05031792928966381	1.192271138740619	9.999767378665267	3.0242521200314134	3.487861719284531
mean_dpm	0.02200883986928104	0.7338795620437957	3.381010860024534	1.1792655467827315	1.2017077581832873
avg_Re	0.9681960488888887	1.0950721111111108	1.2632972883333335	1.1044408484541064	0.09949366784688592
chg_dpm	-0.01104198403741273	-0.0007942468790208765	0.01828164583861971	0.0014561324037411713	0.01383491254727412
eq_gdn_niqr	0.0234749822393272	0.046302248850264204	0.12108833305053868	0.05735742200980263	0.04335215653038956
eq_dpm_niqr	0.0461100617446196	0.2551503428348826	1.0841372210053495	16.03616410240443	166.19470381878511
end_gdn_niqr	0.028451930875949702	0.05714044162519547	0.14444757033252498	0.0707305593855248	0.04645546888622601
end_dpm_niqr	0.03589426943804143	0.1574531754340459	0.6889843102420541	28.386938818620013	301.27406933259476
