	beta	alpha 0	alpha f	t0	theta	PMean	PMeanRelax	DeathReportingRatio	alp
AFG	0.155918	1.8866599999999998	1.1412	184.55599999999998	5.0	13.0584	54.2196	4.0	0.0253303
AGO	0.11619700000000001	0.001	3.96213	309.54400000000004	5.0	26.4469	100.0	1.0	0.016027700000000002
ALB	0.137312	9.87202	0.0728411	57.3873	45.0262	29.8808	41.93600000000001	1.0	0.00748936
ARE	0.179321	0.622749	1.45155	195.171	5.0	2.0	62.0851	4.0	0.020306499999999998
ARM	0.141988	0.250924	0.001	230.738	85.0911	28.5372	28.8469	1.0	0.015617700000000002
AUS	0.219038	10.0	1.2344	155.67600000000002	27.1921	2.17801	100.0	4.0	0.033786199999999995
AUT	0.183435	0.385851	0.0708695	296.825	5.0	2.5981400000000003	100.0	4.0	0.043125300000000005
AZE	0.134131	0.8880549999999999	0.001	281.691	5.0	30.0	12.3781	1.0	0.028357099999999996
BEL	0.217598	0.0348088	0.0636109	224.858	5.0	2.25248	100.0	1.0	0.025739299999999996
BGD	0.217583	10.0	3.09547	146.779	5.2134599999999995	8.91629	94.0292	4.0	0.00479901
BGR	0.143225	0.424104	0.022516099999999997	258.70099999999996	8.34482	3.5648199999999997	24.39	1.0	0.014945600000000002
BHR	0.138705	4.78939	0.268271	150.34	6.40961	22.9704	3.06185	2.6851	0.0158885
BIH	0.162473	1.4821600000000001	0.001	140.461	51.536	10.0905	9.74729	1.0	0.0144512
BLR	0.26708200000000004	2.0936	1.32441	218.238	17.6115	8.72141	100.0	3.1547099999999997	0.00625836
BOL	0.142337	0.59837	0.040635199999999996	127.22	35.7712	30.0	60.9662	1.0	0.0112148
BRA	0.24941	9.92343	0.14605	87.2425	10.1003	5.34365	56.0494	2.1787799999999997	0.013330400000000001
BWA	0.136666	1.10314	8.25831	314.81	5.0	21.8819	3.73336	2.97453	0.775783
CAN	0.202688	0.17256	0.302109	257.406	16.7162	2.0	100.0	4.0	0.021241
CHE	0.176093	0.364083	0.046571800000000003	26.7016	100.0	5.4443	100.0	4.0	0.0449063
CHL	0.176836	9.94368	0.0397646	81.4042	16.8224	9.59193	38.785	3.4694199999999995	0.00541162
CHN	0.116656	0.001	10.0	47.6139	5.0	5.16695	15.4572	3.97295	0.166188
CIV	0.124885	1.92888	7.58634	203.235	5.0	2.00006	56.1421	2.15893	0.0488906
COD	0.13846	9.93125	0.001	318.882	10.1692	7.2558	100.0	2.3485400000000003	0.0233772
COL	0.17371199999999998	2.1254	0.06424819999999999	136.785	14.7467	3.5922300000000003	23.9154	2.13124	0.00618095
CPV	0.111791	0.0139254	0.187549	300.08299999999997	5.20498	25.7121	5.14874	1.0	0.001
CRI	0.154547	10.0	0.115632	137.017	18.3682	3.72436	64.7347	1.0	0.00271505
CYP	0.149125	1.8048099999999998	0.540337	261.251	5.0	26.9681	100.0	4.0	0.038520599999999995
CZE	0.18626800000000002	0.8956719999999999	0.04187	272.094	5.0	3.87782	100.0	1.0	0.0256514
DEU	0.189435	10.0	0.47590299999999996	92.4	7.00215	30.0	100.0	4.0	0.0423533
DNK	0.131224	0.001	0.316275	110.456	21.1531	13.7807	37.3397	4.0	0.034137400000000005
DOM	0.165026	0.425795	0.265482	239.38400000000001	5.0	10.1526	96.0378	1.0	0.019724000000000002
DZA	0.15498199999999998	1.90783	0.828885	292.48	5.0	27.8502	62.3419	4.0	0.0203792
ECU	0.221125	0.193691	0.001	240.043	5.0	30.0	100.0	1.0	1.0
EGY	0.141797	0.578182	2.05211	212.43400000000003	5.0	8.90315	10.0508	1.0	0.00822131
ESP	0.266237	0.0657065	0.144438	236.945	5.0	8.83618	100.0	4.0	0.0665628
EST	0.129116	0.407981	0.001	296.248	5.0	6.93191	42.7868	3.72077	0.0168362
ETH	0.158424	9.979619999999999	2.7555099999999997	190.627	5.0	2.0	99.4462	4.0	0.0999585
FIN	0.124949	0.344848	0.713095	161.517	5.0	17.9763	35.5602	1.03065	0.0181114
FRA	0.20210999999999998	0.07563639999999999	0.141125	247.017	5.06611	14.3049	100.0	2.13721	0.08298810000000001
GBR	0.214052	0.033883800000000006	0.100515	206.18099999999998	91.7041	2.0	84.6699	4.0	0.0182886
GEO	0.187538	6.848139999999999	0.046382400000000004	248.86599999999999	11.1564	2.0	100.0	2.6529700000000003	0.017112
GHA	0.11885	0.640302	6.76048	219.4	5.0	6.99998	2.5182900000000004	4.0	0.0715215
GIN	0.135292	10.0	7.74746	173.1	5.78984	20.0818	96.9235	3.23863	0.043993
GRC	0.164244	1.76645	0.0822918	273.052	12.0279	5.7823400000000005	53.106	1.8505099999999999	0.0147964
GTM	0.138095	0.0739003	0.15986	208.178	5.0	2.0	65.3033	1.14585	0.019294400000000003
HND	0.148283	10.0	0.17058299999999998	104.992	5.0	13.9696	4.3682099999999995	2.36234	0.049163099999999994
HRV	0.186871	1.7036	0.035345499999999995	261.365	13.497	2.0	3.28168	1.0	0.0230368
HUN	0.17041900000000001	0.614795	0.0439231	286.55400000000003	5.0	7.6534	47.0075	1.1864299999999999	0.0197235
IDN	0.183368	7.9286	1.29457	151.928	29.74	10.5754	63.8009	2.07432	0.00494954
IND	0.178326	10.0	0.688841	139.142	16.2438	9.08245	85.8811	4.0	0.00570893
IRL	0.194115	0.100954	0.668475	237.39	5.0	10.44	47.1569	3.6469699999999996	0.0244634
IRN	0.20394400000000001	0.612329	0.001	220.893	51.8481	19.7743	99.2898	2.2972599999999996	0.0317946
IRQ	0.183085	10.0	0.169206	137.485	10.9073	14.5793	96.5402	2.3479	0.0080944
ISR	0.198432	2.6705099999999997	0.300496	218.952	8.58353	29.2177	5.58196	4.0	0.0417345
ITA	0.210862	0.0740459	0.045757	329.30800000000005	5.0	8.45462	100.0	4.0	0.015381
JAM	0.194908	10.0	0.466645	217.199	13.9926	5.27505	100.0	1.70375	0.0355997
JPN	0.15054800000000002	0.001	5.28543	107.29899999999999	5.0	4.42629	10.8192	1.0	0.0221734
KAZ	0.17565	6.93037	0.293279	163.985	5.0	3.49254	57.3585	3.49842	0.0851977
KEN	0.148448	4.52496	1.66936	269.685	5.06569	26.3034	25.619	1.0	0.00647473
KGZ	0.137298	0.0888743	0.63149	251.296	5.81154	17.9633	30.5651	1.0	0.0726321
KOR	0.19742200000000001	7.35085	10.0	168.543	5.17796	2.0	78.0121	2.3843900000000002	0.113193
KWT	0.158505	0.576466	0.25202600000000003	165.94799999999998	5.0	29.9813	100.0	3.35198	0.012269799999999999
LBN	0.135185	3.51131	0.146278	183.467	5.12898	3.38745	24.8504	1.78932	0.0145753
LBY	0.146145	9.29433	0.227223	173.442	5.0	4.57482	2.0	1.6358	0.012677200000000001
LKA	0.14388199999999998	10.0	1.8136900000000002	269.72	5.0	2.0	100.0	3.3772300000000004	0.361553
LTU	0.156212	0.749973	0.0551052	285.502	5.0	2.0	100.0	3.85365	0.0125089
LUX	0.198436	8.34879	0.061203499999999994	-170.476	69.9781	5.79603	81.8841	3.9872300000000003	1.0
LVA	0.132174	9.25324	0.001	13.7	54.9127	2.00394	99.4276	1.0	0.00834587
MAR	0.165552	6.14618	0.281267	212.55	17.1674	30.0	68.7361	4.0	0.037587199999999994
MDA	0.150023	0.633754	0.001	119.53299999999999	100.0	12.6919	2.0	1.0	0.012266899999999999
MDG	0.139463	3.71179	10.0	322.378	5.0	12.700999999999999	100.0	3.62914	0.0398761
MDV	0.17676	2.16548	0.633513	174.942	6.3699	13.1248	100.0	3.7004599999999996	0.0406134
MEX	0.182279	3.2279400000000003	0.09502580000000001	94.1104	15.6001	7.55518	43.4483	1.0	0.0174863
MKD	0.14815799999999998	7.18052	0.017401	-84.1246	69.8931	18.9901	90.4992	1.01345	0.0178931
MLT	0.136749	0.875403	0.0479259	249.53799999999998	7.35343	2.76376	17.4011	1.2101899999999999	0.042749800000000004
MMR	0.159724	10.0	0.39763899999999996	222.65599999999998	35.2751	30.0	7.180289999999999	4.0	0.00829015
MNE	0.180474	10.0	0.050214800000000004	124.171	26.3688	15.5926	13.63	1.3841700000000001	0.0708068
MOZ	0.11906300000000002	0.001	10.0	268.712	5.0	21.4921	3.63619	1.0	0.015871299999999998
MYS	0.168426	8.77016	3.36915	247.718	5.0	14.4468	100.0	3.0413799999999998	0.0721559
NAM	0.15521	10.0	0.7215060000000001	211.04	5.0	21.8523	55.3459	1.01519	0.0052652
NGA	0.147419	6.08055	9.95383	221.328	12.5001	6.675660000000001	100.0	4.0	0.020880799999999998
NLD	0.22131900000000002	0.0974447	0.165578	230.37	5.0	2.0	100.0	4.0	0.0239915
NOR	0.176072	0.589384	1.53764	255.93099999999998	5.0	2.0340000000000003	97.8737	1.65543	0.0290743
NPL	0.145148	10.0	0.766338	212.65099999999998	5.0	13.7594	58.175	1.0547600000000001	0.0546347
PAK	0.15423399999999998	5.88244	1.7792599999999998	141.47799999999998	5.0	30.0	72.8841	4.0	0.0179438
PAN	0.199845	0.470434	0.08503680000000001	159.684	12.9163	2.65825	71.7586	1.8839099999999998	0.0089811
PER	0.17388699999999999	0.153065	0.0132925	187.718	10.3398	14.0698	99.6991	1.7969099999999998	0.0270548
PHL	0.163026	3.28838	0.9608760000000001	198.331	5.0	9.51898	6.24234	4.0	0.0358189
POL	0.161446	1.45916	0.0538599	265.628	5.0	14.5066	2.0	4.0	0.0133376
PRY	0.141772	10.0	0.104902	197.31400000000002	5.0	6.25101	2.0	2.60765	0.0632036
PSE	0.161406	7.950589999999999	0.00653244	123.49799999999999	55.5443	16.1987	12.2943	1.0	0.040839
QAT	0.13667200000000002	0.001	0.343389	122.654	5.00785	2.0	27.5487	4.0	0.032612
ROU	0.19597799999999999	0.69639	0.00584822	225.451	42.8956	8.923689999999999	41.2237	4.0	0.00512311
RUS	0.195934	0.631579	0.148149	289.80400000000003	18.0613	2.0	100.0	1.01437	0.00785417
SAU	0.171478	2.74551	0.5341229999999999	156.987	5.0	25.983	11.0422	4.0	0.0122089
SDN	0.15562	2.73766	0.001	297.035	5.0	28.0857	100.0	1.0	0.0803892
SEN	0.124822	1.1922700000000002	8.80342	257.039	8.592889999999999	9.13521	9.05669	1.0321200000000001	0.0219975
SGP	0.13874	2.0768400000000002	10.0	219.511	5.0	2.0	100.0	4.0	0.0812062
SLV	0.151292	4.0845199999999995	0.398582	163.30100000000002	5.0	30.0	11.2416	4.0	0.0243801
SRB	0.201376	9.62721	0.11064700000000001	-24.0813	100.0	30.0	47.0101	3.8959099999999998	0.021921
SVK	0.137415	8.68099	0.00374158	186.84900000000002	33.7518	15.5397	14.1444	1.0	0.014363599999999999
SVN	0.14414000000000002	0.458372	0.0194882	272.505	5.0	2.49841	23.8076	1.0	0.0194352
SWE	0.167432	0.0442959	0.120976	180.946	5.0	2.5902	73.7896	1.2620799999999999	0.0224761
TJK	0.14188199999999998	0.001	10.0	158.713	5.0	2.6696400000000002	15.3438	4.0	0.00756314
TUN	0.17403	6.376580000000001	0.05216030000000001	234.25799999999998	15.92	7.233410000000001	76.3692	3.97579	0.0224865
TUR	0.225764	0.827744	0.001	321.504	5.0079400000000005	10.6566	99.8515	4.0	0.0322786
UGA	0.135182	10.0	3.8605400000000003	306.226	5.0	30.0	25.2097	3.6887	0.112754
UKR	0.17456	1.98605	0.0127488	214.71	34.7557	8.736460000000001	4.783440000000001	4.0	0.00288349
USA	0.299894	0.16512000000000002	0.26208000000000004	207.578	5.0	2.55958	100.0	1.00356	0.010565100000000001
UZB	0.12523499999999999	9.98227	1.5593700000000001	151.44899999999998	5.0	13.0129	100.0	3.8623800000000004	0.025689299999999998
VEN	0.12948900000000002	0.697071	1.7196	277.846	17.2532	7.26947	25.7967	1.55469	0.0215403
XKX	0.18163800000000002	2.82681	0.15071199999999998	172.55700000000002	12.0193	20.3217	24.6406	1.0	0.025387299999999998
ZAF	0.146332	10.0	0.12013199999999999	103.24799999999999	5.0	2.14932	30.951999999999998	1.0	0.0143461
ZMB	0.146013	9.93608	2.01263	181.646	5.0	30.0	100.0	2.19456	0.220669
ZWE	0.13311099999999998	1.27239	0.001	305.01	5.0	7.9238	84.33	2.0487	0.091556
